# Number of parameters = 440 Objective function value = 3715.77785185985  Maximum gradient component = 0.00397605534995809
# af:
-1.15390000000
# am:
2.04920000000
# bf:
1.33890000000
# bm:
1.22580000000
# bf1:
1.15108525751
# deltaf:
120.000000000
# st_gr:
0.500000000000
# growth_beta:
 0.750000000000 0.750000000000
# matest50f:
45.0000000000
# matestslpf:
0.275000000000
# matest50m:
85.0000000000
# matestslpm:
0.260000000000
# mateste:
 -4.53815127145 -4.07409932246 -3.61004761171 -3.14736363140 -2.69732277465 -2.28679074778 -1.94028087015 -1.67269233729 -1.49485303111 -1.36527152979 -1.27996060156 -1.25363654455 -1.18147251198 -0.953753165526 -0.579091860447 -0.187464769334 -1.82564985352e-09
# matestfe:
 -4.11241092238 -3.18015898476 -2.24790161955 -1.32224906931 -0.486827529189 -0.102484492758 -0.0935392539889 -0.0310183100344
# moltp_af:
2.00000000000
# moltp_bf:
150.000000000
# moltp_am:
1.52000000000
# moltp_bm:
215.000000000
# moltp_ammat:
0.0500000000000
# moltp_bmmat:
105.000000000
# mean_log_rec_f:
13.6281873095
# mean_log_rec_m:
13.7148133877
# rec_devf:
 -1.00559186461 -1.08501196412 -0.0960686518760 1.47705176470 0.566297427038 -0.00559982947746 -0.404888344459 0.689162287491 0.804608356774 1.08668906188 1.03119055327 0.802214244532 -0.602879892314 -0.902703021750 -0.907803866799 -0.640482662840 -0.288035049855 -0.936921895949 -1.15184748489 -1.13520299923 -0.0318893378660 0.989463957754 0.214194335354 -0.390757126156 -1.11314898414 -1.06768987327 0.990777433445 0.451285859472 -0.0203258165079 0.527742590039 0.653091682736 0.0123158492627 0.570521590074 1.35987147054 1.03495662475 -0.573330007874 -0.899070808582 -0.00218563405042 2.74888310860e-08
# rec_devm:
 0.372035031751 0.349444792810 0.501165377274 1.66461729063 1.50046523459 1.32293079521 -1.20208012913 -0.854619737938 0.457860642160 2.28318451098 -0.161618959847 0.184990520015 -1.28235192237 -1.71766455608 -1.41896616011 0.206065828649 -0.481640152884 -1.33101547089 -1.25832304826 -0.540787039226 0.656225112297 0.605045228160 0.243032240290 -0.512073722203 -1.49353036632 -1.27386024561 0.590675088179 0.250909019495 -0.239192746463 -0.576632411617 0.109369729459 0.175731823620 1.07342143531 2.04731401120 0.955335172944 -0.578776622965 -0.625569939644 -0.00111566088408 7.40518802973e-09
# alpha1_rec:
11.5000000000
# beta_rec:
4.00000000000
# mnatlen_styr:
 11.6021399750 11.6681070753 11.8763543686 12.1693158399 12.3843977227 12.3079897824 12.1069114330 11.9003058792 11.8324510910 11.6770624306 11.3018271158 11.1278666997 11.1303129656 10.4489550836 9.21623656750 8.17108709777 7.37825214235 6.79729132749 6.36644396035 6.04516825890 5.82354979031 5.71026546484
 2.04301090902 3.37982669302 4.71663834849 6.05338990332 7.38933922601 8.71459672941 9.89097924309 10.8066495016 11.4233027217 11.7803841572 11.9431943932 11.9751357627 11.9277449675 11.7990828150 11.5331206300 11.0931404842 10.4124928750 9.53258984930 8.51923985926 7.43257363339 6.31585710843 5.19198212556
# fnatlen_styr:
 10.0405890839 10.1455125607 10.4412365974 11.0055317490 12.2725623273 13.1462586816 12.5358020012 11.6029363617 10.5914669822 9.62392649270 9.03984931075 8.77909912212
 9.96116967027 10.0423022688 10.3036893611 10.9441868901 12.1133345578 12.7632209924 12.3463582612 11.4993982559 10.6706277196 9.72375150925 9.11553571158 8.83769881654
# log_avg_fmort:
-0.240092952340
# fmort_dev:
 -0.744038248978 -1.23948435779 -0.316371248037 0.0740711300108 0.264523865370 0.784020825433 0.847284628460 0.604954728216 1.11629835085 1.61558229939 1.39828568274 0.691339525843 0.301071986184 0.0543347254324 0.144331996477 0.214707890692 0.379410074591 -1.05114753842 -1.07252573021 -0.0504513036333 -0.284006311065 -1.04951508076 -1.27459919855 -0.909353402009 -0.935680235965 -0.257730283716 -0.434804753778 -0.966664776789 -0.986747483326 -0.256287598020 0.0700982460278 0.218542646298 0.643999069630 1.04842914360 0.212615717340 0.373919773079 0.398215073083 0.373370172300
# log_avg_fmortdf:
-6.04907710159
# fmortdf_dev:
 -0.164682459973 -0.0911732160048 -0.0332400468767 -0.0325001899465 0.00179619161262 -0.0625016441716 -0.302853908555 -0.375317511431 -0.343965360543 -0.0460916250208 0.876496749179 0.426025333958 0.130647448264 -0.263950520843 0.187365951641 -0.241666539206 -0.129643577173 -0.117505883920 -0.100850251686 -0.0893848820061 -0.0724188212999 -0.0773289984558 -0.0614832004215 -0.0566009573880 -0.0809537936510 -0.0840013630801 -0.134743221092 -0.179689097152 -0.330617366723 0.852681702549 -0.316126614535 0.204812564982 1.65301234566 0.241454419894 -0.0194433384174 -0.0777336104391 -0.255584533048 -0.432240174687
# log_avg_fmortt:
-5.07183597633
# fmortt_dev_era1:
 0.236775959431 0.242692924811 0.341577038584 0.215611615409 -0.278937948717 -0.322931788592 -0.429411624343 -0.526988692415 -0.170894087382 0.692506603214
# fmortt_dev_era2:
 1.40295467212 1.16310764665 1.92479709939 0.666428076528 0.00900783628418 -0.136135147850 -0.182656901410 0.0853430172268 0.0801437636279 -0.0289680576114 -0.253254268474 0.186214518682 0.437090062378 -0.372848188158 -0.0895273694219 -0.473236672417 -0.493379817909 -0.135946918696 -0.681709926250 -0.608004783712 -0.333600134902 -0.413112394607 -0.361019121670 -0.279524102002 -0.320458926811 -0.340673751263 -0.197702353880 -0.253327855840
# discard_mult:
1.00000000000
# Fem_F_prop_constant:
0.500000050000
# log_avg_sel50_mn:
4.65922968957
# log_sel50_dev_mn:
 0.00000000000 0.00000000000 0.00000000000 0.00000000000 0.00000000000 0.00000000000 0.00000000000 0.00000000000 0.00000000000 0.00000000000 0.00000000000 0.00000000000 0.00000000000 0.00000000000 0.00000000000 0.00000000000 0.00000000000 0.00000000000 0.00000000000 0.00000000000 0.00000000000 0.00000000000 0.00000000000 0.00000000000 0.00000000000 0.00000000000 0.00000000000 0.00000000000 0.00000000000 0.00000000000 0.00000000000 0.00000000000 0.00000000000 0.00000000000 0.00000000000 0.00000000000 0.00000000000 0.00000000000 0.00000000000
# log_avg_sel50_mo:
4.50000000000
# log_sel50_dev_mo:
 0.00000000000 0.00000000000 0.00000000000 0.00000000000 0.00000000000 0.00000000000 0.00000000000 0.00000000000 0.00000000000 0.00000000000 0.00000000000 0.00000000000 0.00000000000 0.00000000000 0.00000000000 0.00000000000 0.00000000000 0.00000000000 0.00000000000 0.00000000000 0.00000000000 0.00000000000 0.00000000000 0.00000000000 0.00000000000 0.00000000000 0.00000000000 0.00000000000 0.00000000000 0.00000000000 0.00000000000 0.00000000000 0.00000000000 0.00000000000 0.00000000000 0.00000000000 0.00000000000 0.00000000000 0.00000000000
# fish_slope_mn:
0.209288531183
# fish_slope_mo:
0.450000000000
# fish_fit_slope_mn:
0.450045193156
# fish_fit_sel50_mn:
96.4233069507
# fish_fit_slope_mo:
0.275000000000
# fish_fit_sel50_mo:
100.000000000
# fish_slope_mo2:
1.95000000000
# fish_sel50_mo2:
159.500000000
# fish_slope_mn2:
1.00500000000
# fish_sel50_mn2:
130.000000000
# fish_disc_slope_f:
0.272594432802
# fish_disc_sel50_f:
4.21863453530
# log_dev_50f:
 0.00000000000 0.00000000000 0.00000000000 0.00000000000 0.00000000000 0.00000000000 0.00000000000 0.00000000000 0.00000000000 0.00000000000 0.00000000000 0.00000000000 0.00000000000 0.00000000000 0.00000000000 0.00000000000 0.00000000000 0.00000000000 0.00000000000 0.00000000000 0.00000000000 0.00000000000 0.00000000000 0.00000000000 0.00000000000
# fish_disc_slope_tf:
0.0818620370269
# fish_disc_sel50_tf:
111.181742778
# srv1_q:
0.625613107797
# srv1_q_f:
0.577333297245
# srv1_sel95:
63.7931648411
# srv1_sel50:
36.5119281951
# srv2_q:
0.469885661270
# srv2_q_f:
0.999999850780
# srv2_sel95:
60.5344860624
# srv2_sel50:
42.5162056933
# srv3_q:
0.601540693497
# srv3_sel95:
62.4736143368
# srv3_sel50:
40.7089591291
# srv3_q_f:
0.999999971291
# srv3_sel95_f:
50.5786024800
# srv3_sel50_f:
38.6422033082
# srvind_q:
0.999995408435
# srvind_q_f:
0.149762335367
# srvind_sel95_f:
53.3272901790
# srvind_sel50_f:
49.2405401957
# srv10ind_q:
0.743610937449
# srv10ind_q_f:
0.999999765227
# srv10ind_sel95_f:
26.4042645794
# srv10ind_sel50_f:
24.1180932646
# selsmo10ind:
 19.9753513573 19.9765157739 19.9776801303 19.9788442686 19.9800076200 19.9811699317 19.9823310912 19.9834910488 19.9846499671 19.9858082045 19.9869661740 19.9881239990 19.9892819772 19.9904406716 19.9916005287 19.9927619270 19.9939249642 19.9950896374 19.9962552672 19.9974207524 19.9985846550 19.9997463720
# selsmo09ind:
 -9.76143222204 -8.60092624903 -7.44086180104 -6.28517571206 -5.14755252379 -4.06383842038 -3.09518855723 -2.33133255721 -1.82321970573 -1.50008685525 -1.29168675739 -1.10329029019 -0.896325549232 -0.744390466846 -0.755145462277 -0.903434684996 -1.06525929878 -1.14014703386 -1.09417026973 -0.955509415258 -0.778325964455 -0.589161648904
# Mmult_imat:
1.07895064730
# Mmult:
1.09844780081
# Mmultf:
1.17601478064
# m_dev_m:
 -0.564217686000 0.604129399957 0.851251140865 -1.13523496043 -2.69153822967 -3.00042867867 -3.00042862899 -2.19310958938 -0.443952356376 1.10135265591 0.957923888720 -0.255483727511 0.0782452865581 0.940189494033 1.44124141227 0.0927896649295 0.460946041025 -0.0182121518779 0.214565553711 1.09450684146 0.0800974971780 -1.87963419476 -3.00042840186 -2.51903569698 -0.764850676540 0.762847362563 0.697731904372 -0.318855795287 -0.918051862653 -0.422531998389 0.488896746562 0.867923096703 1.21221245580 1.79702905350 1.44142787410 1.87865046074 1.82632803908 2.19056642078 2.04514234456
# m_dev_f:
 -0.0676726890395 1.36454089574 2.18751957554 0.714870072964 -1.51368217953 -2.95257891863 -3.00019133022 -1.97444995401 -0.325869077845 0.961675179231 1.25963632377 1.07484294217 0.656090585520 0.503886602824 0.284490205448 0.473681398392 0.686746231250 0.412489039572 0.572818973076 0.523654470674 0.188378706312 0.435384961637 1.26169339556 1.74988558665 1.35834191596 0.107163539701 -1.69741634498 -2.90283108376 -2.76549703632 -1.36926648295 0.346217299888 1.18430417722 1.30513927132 1.46159596622 1.31896409009 0.959065553482 -0.128357309773 -1.65507319155 -3.00019136160
# cpueq:
0.00108948306850
# proprecn:
1.00000000000
