# Number of parameters = 505 Objective function value = 2908.15283938156  Maximum gradient component = 0.000859835809606534
# af:
-1.15390000000
# am:
2.04920000000
# bf:
1.33890000000
# bm:
1.22580000000
# bf1:
1.15108525751
# deltaf:
120.000000000
# st_gr:
0.500000000000
# growth_beta:
 0.750000000000 0.750000000000
# matest50f:
45.0000000000
# matestslpf:
0.275000000000
# matest50m:
85.0000000000
# matestslpm:
0.260000000000
# mateste:
 -4.24431035195 -3.78609890837 -3.32788779021 -2.87035218719 -2.42073360736 -2.00633564130 -1.65638198941 -1.38611815995 -1.20677438223 -1.06752945671 -0.984612237775 -1.01126031437 -1.01880860540 -0.864550160200 -0.537198690570 -0.158976774859 -1.67243108251e-09
# matestfe:
 -4.23077322883 -3.28152793479 -2.33226504960 -1.38950470427 -0.534411202271 -0.114981462168 -0.102196543028 -0.0367922087866
# moltp_af:
2.00000000000
# moltp_bf:
150.000000000
# moltp_am:
1.52000000000
# moltp_bm:
215.000000000
# moltp_ammat:
0.0500000000000
# moltp_bmmat:
105.000000000
# mean_log_rec_f:
14.0816676905
# mean_log_rec_m:
14.1187549985
# rec_devf:
 -1.61503217976 -1.57335565563 -0.405697371295 1.14977912371 0.0454744028597 -0.465879030773 -0.860602089273 0.0237637815013 0.426594951471 1.13682636951 1.45152017894 1.46229106221 -0.0862727050758 -0.315439753281 -0.260001112239 0.00710402555908 0.126213586010 -0.570679868255 -0.702944351909 -1.00612934774 -0.338730138124 0.749688586906 0.525337897411 0.200319897318 -0.599122924869 -0.652076293355 1.33891767610 0.252788501175 -0.151556957702 -0.169099962860 -0.333343875222 -0.750727706016 -0.00555601651016 0.886461882305 0.974392829485 0.190085443513 -0.0830706369985 -0.00224222278801 3.67655644960e-09
# rec_devm:
 -0.114717461239 0.199678482153 0.395054541713 1.40278258450 -0.0147124823784 1.86691877468 -0.829082386917 -0.215731590930 1.17733559343 3.04442866540 0.146994960133 1.71603533846 -0.296657063847 -0.869855057243 -0.649527532147 0.970674224341 0.296328714965 -0.747823434454 -0.826362373554 0.194824164706 0.926158196381 0.753384784772 0.623882561955 -0.229890836287 -1.40958790342 -1.49736402398 -0.0556479271219 -1.18181472778 -1.65645654906 -2.02795580125 -1.99782674997 -1.37317376456 0.395591992843 1.34804468273 0.924998269469 -0.380760710648 -0.00687531073648 -0.00129284399181 -1.12084199472e-09
# alpha1_rec:
11.5000000000
# beta_rec:
4.00000000000
# mnatlen_styr:
 11.5049317008 11.5592858015 11.7717906933 12.1057214901 12.3814494046 12.3587086026 12.2391318222 12.0749313838 11.9532873041 11.7888207650 11.4737411918 11.3180499720 11.2721880596 10.5260532887 9.23739724656 8.16004038343 7.35963636318 6.78115565623 6.35443546945 6.03561136441 5.81475658440 5.70161708922
 1.92904496593 3.28278182557 4.63651555362 5.99020164395 7.34322148506 8.68689259833 9.89485455201 10.8612281707 11.5426013992 11.9669955559 12.1933023855 12.2847469840 12.2920537917 12.2069366526 11.9555453151 11.4894390498 10.7677381880 9.85745339536 8.82705059648 7.73114513986 6.60828495297 5.47899177205
# fnatlen_styr:
 10.0486896563 10.1870949589 10.5462165405 11.1322804104 12.3479307626 13.2794564247 12.6741030143 11.7427051673 10.7450461361 9.79856416953 9.22878497682 8.97476458581
 10.1129177232 10.1959073488 10.4637242450 11.1210582223 12.3393864552 13.0027355677 12.5587068530 11.6748508665 10.8412917499 9.90870324926 9.31182048585 9.03944237545
# log_avg_fmort:
-0.226449687947
# fmort_dev:
 -0.752124724314 -1.35412186789 -0.779212739997 -0.345454321193 -0.0324585423986 0.667240048970 0.985869859184 0.818076462914 1.57824427909 1.65060372715 0.816895071788 0.0528862745611 -0.241515801233 -0.459690174310 -0.441296398061 -0.248141902891 -0.132062518779 -1.50405899182 -1.06173934534 0.127921393659 -0.387255822553 -1.11518826912 -1.07251237066 -0.321332118944 -0.343607913052 -0.198394292700 -0.597049134657 -0.934356018871 -0.747792731623 0.241493979081 0.761544217132 0.820046231729 1.14952068122 0.981032769389 0.513273959103 0.442388030800 0.346488330717 1.11584068391
# log_avg_fmortdf:
-6.70353390935
# fmortdf_dev:
 -0.0335360939029 -0.0350648682547 -0.0304002272149 -0.0337051422289 -0.0133901939638 0.0507146611287 0.00102388612805 0.0148538950342 0.00399197509069 0.0280742833562 0.510301231525 0.00803760827127 -0.341276789619 -0.754011813559 -0.350335679863 -0.614257015235 -0.359470130401 -0.209171609689 -0.124009759118 -0.0875030876738 -0.0568405459546 -0.0569466523613 -0.0561588908438 -0.0766095274564 -0.127156026277 -0.109881792571 -0.116233044905 -0.0982897415516 -0.150237446648 1.54838705960 -0.0196268857928 0.244907390469 1.99342127719 0.209161879267 -0.0216363520511 -0.0876280309806 -0.240090642805 -0.409407156137
# log_avg_fmortt:
-5.10656059629
# fmortt_dev_era1:
 0.286300113465 0.270516362371 0.134991157643 0.0272788694339 -0.414868410679 -0.364474584459 -0.387433333912 -0.407981890777 0.0811394660100 0.774532250904
# fmortt_dev_era2:
 1.18344909074 0.812153220379 1.57341851995 0.358981598450 -0.267384236623 -0.351339826800 -0.372747619602 -0.0472149654942 0.138870544639 -0.0107319737703 -0.228640773721 0.215338781311 0.612722647247 -0.190962957373 0.138466303841 -0.370595301506 -0.449221868173 -0.0124183901763 -0.496582448784 -0.376924300573 -0.157503673288 -0.258063175587 -0.241586009202 -0.218666076611 -0.253240751769 -0.267818908930 -0.135495075941 -0.326262372637
# discard_mult:
1.00000000000
# Fem_F_prop_constant:
0.500000050000
# log_avg_sel50_mn:
4.65939764605
# log_sel50_dev_mn:
 0.00000000000 0.00000000000 0.00000000000 0.00000000000 0.00000000000 0.00000000000 0.00000000000 0.00000000000 0.00000000000 0.00000000000 0.00000000000 0.00000000000 0.00000000000 0.00000000000 0.00000000000 0.00000000000 0.00000000000 0.00000000000 0.00000000000 0.00000000000 0.00000000000 0.00000000000 0.00000000000 0.00000000000 0.00000000000 0.00000000000 0.00000000000 0.00000000000 0.00000000000 0.00000000000 0.00000000000 0.00000000000 0.00000000000 0.00000000000 0.00000000000 0.00000000000 0.00000000000 0.00000000000 0.00000000000
# log_avg_sel50_mo:
4.50000000000
# log_sel50_dev_mo:
 0.00000000000 0.00000000000 0.00000000000 0.00000000000 0.00000000000 0.00000000000 0.00000000000 0.00000000000 0.00000000000 0.00000000000 0.00000000000 0.00000000000 0.00000000000 0.00000000000 0.00000000000 0.00000000000 0.00000000000 0.00000000000 0.00000000000 0.00000000000 0.00000000000 0.00000000000 0.00000000000 0.00000000000 0.00000000000 0.00000000000 0.00000000000 0.00000000000 0.00000000000 0.00000000000 0.00000000000 0.00000000000 0.00000000000 0.00000000000 0.00000000000 0.00000000000 0.00000000000 0.00000000000 0.00000000000
# fish_slope_mn:
0.221372695318
# fish_slope_mo:
0.450000000000
# fish_fit_slope_mn:
0.452892006304
# fish_fit_sel50_mn:
96.3760301868
# fish_fit_slope_mo:
0.275000000000
# fish_fit_sel50_mo:
100.000000000
# fish_slope_mo2:
1.95000000000
# fish_sel50_mo2:
159.500000000
# fish_slope_mn2:
1.00500000000
# fish_sel50_mn2:
130.000000000
# fish_disc_slope_f:
0.261815301062
# fish_disc_sel50_f:
4.22661902988
# log_dev_50f:
 0.00000000000 0.00000000000 0.00000000000 0.00000000000 0.00000000000 0.00000000000 0.00000000000 0.00000000000 0.00000000000 0.00000000000 0.00000000000 0.00000000000 0.00000000000 0.00000000000 0.00000000000 0.00000000000 0.00000000000 0.00000000000 0.00000000000 0.00000000000 0.00000000000 0.00000000000 0.00000000000 0.00000000000 0.00000000000
# fish_disc_slope_tf:
0.0897272542083
# fish_disc_sel50_tf:
113.119329929
# srv1_q:
0.625613107797
# srv1_q_f:
0.577333297245
# srv1_sel95:
63.7931648411
# srv1_sel50:
36.5119281951
# srv2_q:
0.383526135519
# srv2_q_f:
0.933260726288
# srv2_sel95:
59.9618797534
# srv2_sel50:
42.0600633523
# srv3_q:
 0.540104639788 0.479333229803 0.495425338926 0.454118377391 0.274358184109 0.210254686741 0.200000019234 0.205173675271 0.249749350637 0.323390752219 0.299570154889 0.241043359309 0.405993354376 0.604950095334 0.499342692327 0.410898875893 0.444425770169 0.545479091270 0.479034206878 0.442178869611 0.417255479127 0.464825450309 0.628105926872 0.842354414302 0.927785481349 0.956745610698 0.999997313556 0.847111357201 0.686085989567 0.657206540001 0.754856863971 0.852505849904 0.950154247853
# srv3_sel95:
67.5751114582
# srv3_sel50:
43.5186073194
# srv3_q_f:
 0.999999129937 0.999999922924 0.999999527321 0.999998145131 0.595642098570 0.373957708358 0.274741925394 0.257847784945 0.200000022020 0.225252410596 0.267849378752 0.200000198821 0.799976122366 0.753181427649 0.549147513363 0.833514604190 0.999998996874 0.786299896374 0.471537517122 0.433330331447 0.410563973531 0.548448568013 0.476507742317 0.753085898521 0.849477487194 0.999999462140 0.999999747471 0.999999826902 0.787531810550 0.810638942098 0.710660112636 0.766285406840 0.605821285075
# srv3_sel95_f:
49.6586517692
# srv3_sel50_f:
38.0989761588
# srvind_q:
0.999996028328
# srvind_q_f:
0.117757929298
# srvind_sel95_f:
54.7877738604
# srvind_sel50_f:
50.0230896091
# srv10ind_q:
0.755195828449
# srv10ind_q_f:
0.751221780695
# srv10ind_sel95_f:
26.4042645794
# srv10ind_sel50_f:
24.1180932646
# selsmo10ind:
 19.8012921646 19.8000725882 19.7988522671 19.7976327781 19.7964126802 19.7951957969 19.7939775502 19.7927592781 19.7915389651 19.7903179586 19.7890970394 19.7878761115 19.7866562957 19.7854356854 19.7842147175 19.7829947944 19.7817756768 19.7805578546 19.7793415689 19.7781250477 19.7769087739 19.7756929379
# selsmo09ind:
 -9.10458330964 -8.06987772867 -7.03571429096 -6.00643842551 -4.99594662502 -4.03860314144 -3.19033086219 -2.52991534507 -2.10221616804 -1.83104590866 -1.64106850845 -1.43570408772 -1.18212111956 -0.970869993748 -0.934424115913 -1.06177518279 -1.22327145309 -1.30509440756 -1.26253402947 -1.12087486149 -0.936681270380 -0.739282451974
# Mmult_imat:
1.10840527479
# Mmult:
1.06837758159
# Mmultf:
1.20265275063
# m_dev_m:
 0.932859276905 0.373734838592 -0.240675494755 -0.896176355769 -1.41629882174 -1.67962517355 -1.65835208373 -1.37778175064 -0.910394111078 -0.362387150054 0.147213419217 0.557904140715 1.10330191855 1.61399126068 1.90020937295 1.39789772706 1.35745785350 1.43004358047 1.56032714248 1.60222325857 1.45336680870 1.21890141977 1.02356299703 0.915453243122 0.874158911022 0.922271238159 0.988331846856 0.916562481845 0.702503727936 0.475269233982 0.210861405506 -0.174405259325 -0.704094722425 -1.31032408053 -1.90563647086 -2.39456688765 -2.73104866801 -2.91633611616 -3.00030395737
# m_dev_f:
 0.976735283159 1.27004266220 1.33868322660 0.965990288799 0.332250694212 -0.362838505048 -0.979539342886 -1.43695052010 -1.70575794686 -1.77009487935 -1.63410839620 -1.32643714747 -0.897810670573 -0.411212257317 0.0645999577561 0.478524582376 0.766283765777 0.910193488793 0.951658612461 0.927208590720 0.878330063956 0.815840660627 0.748492505504 0.667816906423 0.568966582967 0.469933203288 0.411830198311 0.417357977184 0.517047374064 0.698552469359 0.872380843070 0.941089652320 0.820491187431 0.471835380686 -0.0979871692797 -0.803863717356 -1.55855564638 -2.29680021247 -3.00017974675
# cpueq:
0.00103767487224
# proprecn:
1.00000000000
