# Number of parameters = 362 Objective function value = 612.603782410392  Maximum gradient component = 0.0141893646934092
# af:
-1.15390000000
# am:
2.04920000000
# bf:
1.33890000000
# bm:
1.22580000000
# bf1:
1.15108525751
# deltaf:
120.000000000
# st_gr:
0.500000000000
# growth_beta:
 0.750000000000 0.750000000000
# matest50f:
45.0000000000
# matestslpf:
0.275000000000
# matest50m:
85.0000000000
# matestslpm:
0.260000000000
# mateste:
 -4.83724428953 -4.36191177979 -3.88657946519 -3.41180875317 -2.94467331248 -2.51286866478 -2.14965498499 -1.87597789220 -1.71778163562 -1.62933225978 -1.57903716216 -1.57743689148 -1.53184413029 -1.29320923915 -0.821225287736 -0.271091220604 -1.57556456770e-09
# matestfe:
 -4.32710932074 -3.35886832230 -2.39062272600 -1.42892376126 -0.555820586347 -0.118122588545 -0.0998129653994 -0.0387223848019
# moltp_af:
2.00000000000
# moltp_bf:
150.000000000
# moltp_am:
1.52000000000
# moltp_bm:
215.000000000
# moltp_ammat:
0.0500000000000
# moltp_bmmat:
105.000000000
# mean_log_rec_f:
13.3920389824
# mean_log_rec_m:
13.2701382087
# rec_devf:
 -1.46779209756 -0.699417900789 0.291803969541 2.00575491862 1.02057487588 0.435260115417 -0.272837640585 0.409281958136 0.364128562101 0.787514558841 0.848697161699 0.586058666960 -0.693542172877 -0.958773887429 -0.964249171662 -0.704094614444 -0.297865228492 -0.871160628235 -1.04685877193 -1.05483479617 -0.178650163223 0.658668329738 -0.0802855189038 -0.149908113185 -0.716833796581 -0.662311583640 1.41951139361 0.377447632583 -0.0319692506142 0.114388906997 0.294115040317 0.207929793693 1.29640486469 -0.0964482359514 -0.0820216208933 -0.0587151564061 -0.0275596221970 -0.00141074352663 -3.35283424955e-08
# rec_devm:
 1.12187297269 0.921016549234 1.19756121396 1.66305285912 1.33751249633 1.71410906226 -1.52559830549 -0.844383089731 -0.621697051873 2.29900547233 0.126716681497 -0.559092383073 -1.28170038144 -1.72383232449 -1.40178428130 0.292796814490 -0.0283960604595 -1.03906320356 -0.984060718459 0.0172615802661 0.763003386389 0.603870636292 0.610437230729 -0.281632859532 -1.38585328965 -1.27551404478 0.400135339887 -0.510055936104 -0.750025507952 0.456836698734 -0.0842614457249 -0.228153034228 1.27600972513 -0.175949523112 -0.0768175706601 -0.0184468215254 -0.00398718588506 -0.000893663568784 -3.67464182843e-08
# alpha1_rec:
11.5000000000
# beta_rec:
4.00000000000
# mnatlen_styr:
 11.3510825448 11.4436199880 11.6503535172 11.9195124446 12.0922242923 11.9975071644 11.7971491434 11.5712317247 11.5035846599 11.3530047801 10.9767945137 10.8674668425 11.0017367805 10.3531493127 9.08166381459 8.01837802182 7.21968615093 6.64092415661 6.21813610085 5.90967685534 5.70110361267 5.59549473326
 2.16635864247 3.47764769528 4.78893086911 6.10013525583 7.41037103225 8.70868470404 9.85129350464 10.7266964112 11.3039201870 11.6310017804 11.7767683737 11.8051595180 11.7702158364 11.6752278969 11.4714031666 11.1252369576 10.5309184840 9.70901594189 8.72733088493 7.65717578148 6.55062643028 5.43535709724
# fnatlen_styr:
 9.31038400740 9.40044680224 9.71769723427 10.3532472123 11.6810381899 12.7913052971 12.1946146833 11.2556696800 10.2307115119 9.23638378672 8.63347392954 8.36213774918
 9.61358154458 9.71063911519 10.0178601440 10.7665291290 12.1230714764 12.7353733561 12.2230790037 11.2673595979 10.3628682692 9.36140150673 8.72348913317 8.43145386338
# log_avg_fmort:
-0.198705835038
# fmort_dev:
 -0.837355512542 -1.32999100287 -0.616102302834 -0.0471870703824 0.415194187500 0.990042971802 0.841637494943 0.569021980392 1.43009203733 1.67991618265 1.18617211559 0.619241829302 0.325278221162 0.160405670526 -0.217993769912 0.175752889829 0.357096640856 -0.905276798305 -0.861535824786 -0.247762615107 -0.448558170570 -0.963583185629 -1.01553044240 -0.429794589064 -0.404265703477 -0.135058476492 -0.554100340928 -0.986569019323 -0.880019546152 0.00235311542960 0.394389585298 0.490913408058 0.824706296214 0.386061628458 -0.285510636154 -0.575817516665 -0.00967427808913 0.903410546340
# log_avg_fmortdf:
-5.98517824216
# fmortdf_dev:
 -0.0543725843488 -0.0881738263409 -0.0386459600798 -0.0253163244266 0.0229272222621 -0.0829297465431 -0.261377415171 -0.231728559889 -0.139187360413 0.00391080359248 0.639856623535 0.268505676737 0.0366436270681 -0.305473964585 0.174258448157 -0.253280241413 -0.164657209130 -0.147343378012 -0.120645376392 -0.103342076675 -0.0689081283393 -0.0693029456487 -0.0703822248822 -0.106965266557 -0.156293389468 -0.116242323468 -0.113108125481 -0.0958945769405 -0.189368537961 1.22098465649 -0.154080574649 0.192474056832 1.23554421554 0.263916978800 -0.217874957398 -0.255651916012 -0.228412163996 -0.200063154799
# log_avg_fmortt:
-5.08979966358
# fmortt_dev_era1:
 0.228394207450 0.202761212619 0.142675629643 0.111444657594 -0.270895645364 -0.296930211600 -0.409979306690 -0.454102958184 0.00414264476029 0.742489769774
# fmortt_dev_era2:
 1.30830504864 1.11376027304 2.00525843516 0.787699324935 -0.151605257093 -0.189363141259 -0.212420699693 0.118390134576 0.114870979971 -0.0468066613466 -0.281966593705 0.173807484774 0.529234744322 -0.262001888234 0.0759029432883 -0.418258413801 -0.513490627100 -0.132008729156 -0.618966767990 -0.497416868089 -0.231293174849 -0.333530693448 -0.312585338657 -0.292880579036 -0.428816277562 -0.525235608789 -0.356167367104 -0.422414681786
# discard_mult:
1.00000000000
# Fem_F_prop_constant:
0.500000050000
# log_avg_sel50_mn:
4.65869704023
# log_sel50_dev_mn:
 0.00000000000 0.00000000000 0.00000000000 0.00000000000 0.00000000000 0.00000000000 0.00000000000 0.00000000000 0.00000000000 0.00000000000 0.00000000000 0.00000000000 0.00000000000 0.00000000000 0.00000000000 0.00000000000 0.00000000000 0.00000000000 0.00000000000 0.00000000000 0.00000000000 0.00000000000 0.00000000000 0.00000000000 0.00000000000 0.00000000000 0.00000000000 0.00000000000 0.00000000000 0.00000000000 0.00000000000 0.00000000000 0.00000000000 0.00000000000 0.00000000000 0.00000000000 0.00000000000 0.00000000000 0.00000000000
# log_avg_sel50_mo:
4.50000000000
# log_sel50_dev_mo:
 0.00000000000 0.00000000000 0.00000000000 0.00000000000 0.00000000000 0.00000000000 0.00000000000 0.00000000000 0.00000000000 0.00000000000 0.00000000000 0.00000000000 0.00000000000 0.00000000000 0.00000000000 0.00000000000 0.00000000000 0.00000000000 0.00000000000 0.00000000000 0.00000000000 0.00000000000 0.00000000000 0.00000000000 0.00000000000 0.00000000000 0.00000000000 0.00000000000 0.00000000000 0.00000000000 0.00000000000 0.00000000000 0.00000000000 0.00000000000 0.00000000000 0.00000000000 0.00000000000 0.00000000000 0.00000000000
# fish_slope_mn:
0.186711766283
# fish_slope_mo:
0.450000000000
# fish_fit_slope_mn:
0.481034601822
# fish_fit_sel50_mn:
96.1095902846
# fish_fit_slope_mo:
0.275000000000
# fish_fit_sel50_mo:
100.000000000
# fish_slope_mo2:
1.95000000000
# fish_sel50_mo2:
159.500000000
# fish_slope_mn2:
1.00500000000
# fish_sel50_mn2:
130.000000000
# fish_disc_slope_f:
0.255466220710
# fish_disc_sel50_f:
4.22657290030
# log_dev_50f:
 0.00000000000 0.00000000000 0.00000000000 0.00000000000 0.00000000000 0.00000000000 0.00000000000 0.00000000000 0.00000000000 0.00000000000 0.00000000000 0.00000000000 0.00000000000 0.00000000000 0.00000000000 0.00000000000 0.00000000000 0.00000000000 0.00000000000 0.00000000000 0.00000000000 0.00000000000 0.00000000000 0.00000000000 0.00000000000
# fish_disc_slope_tf:
0.0799377113794
# fish_disc_sel50_tf:
109.301834959
# srv1_q:
0.625613107797
# srv1_q_f:
0.577333297245
# srv1_sel95:
63.7931648411
# srv1_sel50:
36.5119281951
# srv2_q:
0.497416286829
# srv2_q_f:
0.800678679328
# srv2_sel95:
60.9632242078
# srv2_sel50:
41.8739846361
# srv3_q:
0.770250733457
# srv3_sel95:
58.1997521369
# srv3_sel50:
38.7674116819
# srv3_q_f:
0.999999971291
# srv3_sel95_f:
49.3149928525
# srv3_sel50_f:
37.4215414309
# srvind_q:
0.999996595923
# srvind_q_f:
0.164405865430
# srvind_sel95_f:
55.0227667319
# srvind_sel50_f:
50.1376288843
# srv10ind_q:
0.999999917036
# srv10ind_q_f:
0.999999578536
# srv10ind_sel95_f:
26.4042645794
# srv10ind_sel50_f:
24.1180932646
# selsmo10ind:
 8.20642889381 7.71188378023 7.21737825372 6.72291130470 6.22830835510 5.73345097650 5.23957048082 4.74984287812 4.26844752821 3.80081922598 3.35207663387 2.92719910979 2.53074930001 2.16453949855 1.82831670331 1.51988879571 1.23569760230 0.969915959869 0.714735053909 0.463604209028 0.213350451785 -0.0369591404603
# selsmo09ind:
 -9.15919683538 -8.08071360943 -7.00268660118 -5.92898812427 -4.87260721262 -3.86677645529 -2.96658357201 -2.25077693456 -1.76549013395 -1.44372877715 -1.22407301722 -1.02208798789 -0.809888641678 -0.672521300671 -0.724127387111 -0.932790806748 -1.15391863434 -1.27780588274 -1.27483543356 -1.17680986655 -1.03930453453 -0.889030730938
# Mmult_imat:
1.12671162355
# Mmult:
1.08438894635
# Mmultf:
1.37093350900
# cpueq:
0.00119006835876
# proprecn:
1.00000000000
