ParName   Value   Gradient
mateste(1)     -4.83724  7.82055e-07
mateste(2)     -4.36191 -6.32259e-06
mateste(3)     -3.88658 -3.14495e-05
mateste(4)     -3.41181 -0.000104144
mateste(5)     -2.94467 -0.000196618
mateste(6)     -2.51287 -0.000330198
mateste(7)     -2.14965 -0.000459367
mateste(8)     -1.87598 -0.000567772
mateste(9)     -1.71778 -0.000650802
mateste(10)     -1.62933 -0.000647675
mateste(11)     -1.57904 -0.000624962
mateste(12)     -1.57744 -0.000622751
mateste(13)     -1.53184 -0.000634008
mateste(14)     -1.29321 -0.000654457
mateste(15)    -0.821225 -0.000521816
mateste(16)    -0.271091 -0.000256167
mateste(17) -1.57556e-09 -6.94839e-07
matestfe(1)     -4.32711 -9.73823e-07
matestfe(2)     -3.35887  1.93657e-06
matestfe(3)     -2.39062  1.00561e-06
matestfe(4)     -1.42892  1.88561e-06
matestfe(5)    -0.555821  9.97083e-07
matestfe(6)    -0.118123  8.14361e-07
matestfe(7)    -0.099813 -7.22326e-08
matestfe(8)   -0.0387224 -6.36148e-08
mean_log_rec_f       13.392  2.02681e-06
mean_log_rec_m      13.2701    0.0022022
rec_devf(1982)     -1.46779  9.51092e-08
rec_devf(1983)    -0.699418 -1.05605e-06
rec_devf(1984)     0.291804 -2.00021e-06
rec_devf(1985)      2.00575 -6.23913e-06
rec_devf(1986)      1.02057 -6.46358e-07
rec_devf(1987)      0.43526 -5.74011e-06
rec_devf(1988)    -0.272838  6.30266e-06
rec_devf(1989)     0.409282 -5.84951e-06
rec_devf(1990)     0.364129 -4.32439e-07
rec_devf(1991)     0.787515 -3.36375e-06
rec_devf(1992)     0.848697 -2.42214e-06
rec_devf(1993)     0.586059 -2.34226e-06
rec_devf(1994)    -0.693542  3.24021e-06
rec_devf(1995)    -0.958774 -6.69575e-06
rec_devf(1996)    -0.964249  3.86982e-06
rec_devf(1997)    -0.704095 -3.56605e-06
rec_devf(1998)    -0.297865 -1.37524e-06
rec_devf(1999)    -0.871161 -9.52763e-07
rec_devf(2000)     -1.04686  4.27154e-07
rec_devf(2001)     -1.05483 -5.04527e-07
rec_devf(2002)     -0.17865  2.54968e-07
rec_devf(2003)     0.658668 -1.32269e-06
rec_devf(2004)   -0.0802855 -2.41982e-07
rec_devf(2005)    -0.149908  1.42446e-06
rec_devf(2006)    -0.716834  1.47238e-06
rec_devf(2007)    -0.662312  3.62035e-06
rec_devf(2008)      1.41951  3.27383e-05
rec_devf(2009)     0.377448  5.87111e-06
rec_devf(2010)   -0.0319693   4.1281e-07
rec_devf(2011)     0.114389 -4.00598e-06
rec_devf(2012)     0.294115 -1.51387e-06
rec_devf(2013)      0.20793 -1.06912e-06
rec_devf(2014)       1.2964 -1.50769e-06
rec_devf(2015)   -0.0964482 -8.58418e-07
rec_devf(2016)   -0.0820216  1.73659e-06
rec_devf(2017)   -0.0587152  7.03114e-07
rec_devf(2018)   -0.0275596 -4.98481e-06
rec_devf(2019)  -0.00141074 -4.88946e-06
rec_devf(2020) -3.35283e-08  -2.9137e-06
rec_devm(1982)      1.12187  -0.00418665
rec_devm(1983)     0.921017  -0.00244785
rec_devm(1984)      1.19756   0.00150592
rec_devm(1985)      1.66305    0.0116479
rec_devm(1986)      1.33751    0.0114623
rec_devm(1987)      1.71411    0.0141894
rec_devm(1988)      -1.5256 -0.000938692
rec_devm(1989)    -0.844383 -0.000854987
rec_devm(1990)    -0.621697 -0.000983912
rec_devm(1991)      2.29901   0.00283142
rec_devm(1992)     0.126717  -0.00106712
rec_devm(1993)    -0.559092  -0.00129857
rec_devm(1994)      -1.2817  -0.00131494
rec_devm(1995)     -1.72383  -0.00130999
rec_devm(1996)     -1.40178  -0.00129888
rec_devm(1997)     0.292797  -0.00114545
rec_devm(1998)   -0.0283961  -0.00113452
rec_devm(1999)     -1.03906   -0.0012218
rec_devm(2000)    -0.984061  -0.00116494
rec_devm(2001)    0.0172616 -0.000784127
rec_devm(2002)     0.763003 -0.000172338
rec_devm(2003)     0.603871 -0.000450397
rec_devm(2004)     0.610437 -0.000704981
rec_devm(2005)    -0.281633  -0.00118577
rec_devm(2006)     -1.38585  -0.00129051
rec_devm(2007)     -1.27551  -0.00123107
rec_devm(2008)     0.400135 -0.000347094
rec_devm(2009)    -0.510056 -0.000929556
rec_devm(2010)    -0.750026  -0.00115402
rec_devm(2011)     0.456837   -0.0012279
rec_devm(2012)   -0.0842614  -0.00132905
rec_devm(2013)    -0.228153  -0.00133239
rec_devm(2014)      1.27601   -0.0013264
rec_devm(2015)     -0.17595  -0.00133059
rec_devm(2016)   -0.0768176  -0.00132974
rec_devm(2017)   -0.0184468   -0.0013333
rec_devm(2018)  -0.00398719  -0.00133017
rec_devm(2019) -0.000893664   -0.0013333
rec_devm(2020) -3.67464e-08  -0.00133232
mnatlen_styr(1,1)      11.3511 -5.56781e-05
mnatlen_styr(1,2)      11.4436 -6.34786e-05
mnatlen_styr(1,3)      11.6504 -5.88508e-05
mnatlen_styr(1,4)      11.9195 -4.32257e-05
mnatlen_styr(1,5)      12.0922 -3.69574e-05
mnatlen_styr(1,6)      11.9975 -3.72112e-05
mnatlen_styr(1,7)      11.7971  -3.4697e-05
mnatlen_styr(1,8)      11.5712 -3.82871e-05
mnatlen_styr(1,9)      11.5036 -3.14858e-05
mnatlen_styr(1,10)       11.353 -2.28781e-05
mnatlen_styr(1,11)      10.9768 -1.88392e-05
mnatlen_styr(1,12)      10.8675 -2.41478e-05
mnatlen_styr(1,13)      11.0017 -2.96086e-05
mnatlen_styr(1,14)      10.3531 -1.91647e-05
mnatlen_styr(1,15)      9.08166 -6.54603e-06
mnatlen_styr(1,16)      8.01838 -5.65288e-07
mnatlen_styr(1,17)      7.21969 -9.42077e-07
mnatlen_styr(1,18)      6.64092  1.53116e-06
mnatlen_styr(1,19)      6.21814  2.27227e-06
mnatlen_styr(1,20)      5.90968 -1.79635e-06
mnatlen_styr(1,21)       5.7011 -2.28993e-06
mnatlen_styr(1,22)      5.59549  2.71865e-06
mnatlen_styr(2,1)      2.16636  6.53155e-07
mnatlen_styr(2,2)      3.47765   5.4637e-07
mnatlen_styr(2,3)      4.78893 -4.92033e-07
mnatlen_styr(2,4)      6.10014 -1.42328e-06
mnatlen_styr(2,5)      7.41037 -1.17513e-06
mnatlen_styr(2,6)      8.70868   -1.094e-06
mnatlen_styr(2,7)      9.85129 -7.55654e-07
mnatlen_styr(2,8)      10.7267 -3.42064e-07
mnatlen_styr(2,9)      11.3039  1.88569e-07
mnatlen_styr(2,10)       11.631  1.51874e-06
mnatlen_styr(2,11)      11.7768  1.02749e-06
mnatlen_styr(2,12)      11.8052  7.27321e-07
mnatlen_styr(2,13)      11.7702    2.037e-06
mnatlen_styr(2,14)      11.6752  6.09244e-07
mnatlen_styr(2,15)      11.4714 -1.93504e-05
mnatlen_styr(2,16)      11.1252 -3.26606e-05
mnatlen_styr(2,17)      10.5309  -1.9902e-05
mnatlen_styr(2,18)      9.70902 -8.47631e-06
mnatlen_styr(2,19)      8.72733 -4.22522e-06
mnatlen_styr(2,20)      7.65718 -1.22975e-06
mnatlen_styr(2,21)      6.55063 -2.73393e-07
mnatlen_styr(2,22)      5.43536 -4.31639e-07
fnatlen_styr(1,1)      9.31038 -3.71611e-07
fnatlen_styr(1,2)      9.40045 -4.80919e-06
fnatlen_styr(1,3)       9.7177  3.48988e-06
fnatlen_styr(1,4)      10.3532  5.19406e-06
fnatlen_styr(1,5)       11.681 -1.75822e-06
fnatlen_styr(1,6)      12.7913 -3.23867e-07
fnatlen_styr(1,7)      12.1946  1.12433e-06
fnatlen_styr(1,8)      11.2557 -3.04177e-06
fnatlen_styr(1,9)      10.2307  -6.6937e-06
fnatlen_styr(1,10)      9.23638  5.55418e-06
fnatlen_styr(1,11)      8.63347  1.23829e-06
fnatlen_styr(1,12)      8.36214 -1.93354e-06
fnatlen_styr(2,1)      9.61358  -1.7895e-06
fnatlen_styr(2,2)      9.71064  4.81391e-06
fnatlen_styr(2,3)      10.0179 -3.99314e-06
fnatlen_styr(2,4)      10.7665 -2.57944e-06
fnatlen_styr(2,5)      12.1231  1.42211e-06
fnatlen_styr(2,6)      12.7354  -1.1019e-06
fnatlen_styr(2,7)      12.2231 -2.93316e-06
fnatlen_styr(2,8)      11.2674  2.28871e-07
fnatlen_styr(2,9)      10.3629 -2.73299e-07
fnatlen_styr(2,10)       9.3614 -5.13845e-07
fnatlen_styr(2,11)      8.72349 -1.78525e-07
fnatlen_styr(2,12)      8.43145 -1.44293e-08
log_avg_fmort    -0.198706  1.62951e-05
fmort_dev(1982)    -0.837356 -4.36028e-06
fmort_dev(1983)     -1.32999 -1.36226e-06
fmort_dev(1984)    -0.616102 -8.83521e-06
fmort_dev(1985)   -0.0471871  2.39765e-05
fmort_dev(1986)     0.415194  0.000244134
fmort_dev(1987)     0.990043  0.000106662
fmort_dev(1988)     0.841637 -0.000604361
fmort_dev(1989)     0.569022  -0.00101734
fmort_dev(1990)      1.43009  -0.00176441
fmort_dev(1991)      1.67992 -0.000578292
fmort_dev(1992)      1.18617   0.00116161
fmort_dev(1993)     0.619242  0.000717805
fmort_dev(1994)     0.325278  0.000258129
fmort_dev(1995)     0.160406  0.000175645
fmort_dev(1996)    -0.217994  0.000151205
fmort_dev(1997)     0.175753  0.000525781
fmort_dev(1998)     0.357097  0.000110515
fmort_dev(1999)    -0.905277 -2.34961e-05
fmort_dev(2000)    -0.861536 -1.66835e-05
fmort_dev(2001)    -0.247763 -8.15951e-07
fmort_dev(2002)    -0.448558 -5.04314e-06
fmort_dev(2003)    -0.963583 -1.50417e-05
fmort_dev(2004)     -1.01553  -2.2374e-05
fmort_dev(2005)    -0.429795 -1.82538e-05
fmort_dev(2006)    -0.404266 -1.00465e-05
fmort_dev(2007)    -0.135058  8.48013e-05
fmort_dev(2008)      -0.5541  0.000130338
fmort_dev(2009)    -0.986569  0.000179371
fmort_dev(2010)     -0.88002  0.000173348
fmort_dev(2011)   0.00235312  6.06994e-05
fmort_dev(2012)      0.39439 -9.12454e-05
fmort_dev(2013)     0.490913 -9.11543e-05
fmort_dev(2014)     0.824706  6.57714e-05
fmort_dev(2015)     0.386062  0.000184818
fmort_dev(2016)    -0.285511 -3.39139e-06
fmort_dev(2017)    -0.575818  -3.1994e-06
fmort_dev(2018)  -0.00967428 -3.84581e-06
fmort_dev(2019)     0.903411 -3.20275e-06
log_avg_fmortdf     -5.98518  1.42829e-06
fmortdf_dev(1982)   -0.0543726 -8.96975e-06
fmortdf_dev(1983)   -0.0881738 -3.15684e-06
fmortdf_dev(1984)    -0.038646  2.46921e-07
fmortdf_dev(1985)   -0.0253163  2.04862e-06
fmortdf_dev(1986)    0.0229272  3.17142e-06
fmortdf_dev(1987)   -0.0829297   5.3642e-06
fmortdf_dev(1988)    -0.261377  5.32473e-06
fmortdf_dev(1989)    -0.231729 -1.59806e-06
fmortdf_dev(1990)    -0.139187 -9.62811e-07
fmortdf_dev(1991)    0.0039108  1.83469e-06
fmortdf_dev(1992)     0.639857  2.63822e-07
fmortdf_dev(1993)     0.268506  3.82851e-07
fmortdf_dev(1994)    0.0366436  3.23026e-06
fmortdf_dev(1995)    -0.305474 -1.48611e-07
fmortdf_dev(1996)     0.174258 -5.00028e-06
fmortdf_dev(1997)     -0.25328  5.80487e-06
fmortdf_dev(1998)    -0.164657 -1.97753e-06
fmortdf_dev(1999)    -0.147343 -2.55673e-06
fmortdf_dev(2000)    -0.120645  7.10006e-06
fmortdf_dev(2001)    -0.103342  3.20109e-06
fmortdf_dev(2002)   -0.0689081 -8.53645e-07
fmortdf_dev(2003)   -0.0693029 -1.19607e-08
fmortdf_dev(2004)   -0.0703822  -4.5626e-07
fmortdf_dev(2005)    -0.106965 -1.83996e-06
fmortdf_dev(2006)    -0.156293  1.17062e-06
fmortdf_dev(2007)    -0.116242 -5.31154e-06
fmortdf_dev(2008)    -0.113108  -8.7053e-06
fmortdf_dev(2009)   -0.0958946 -1.75012e-06
fmortdf_dev(2010)    -0.189369  1.90482e-06
fmortdf_dev(2011)      1.22098 -2.65598e-07
fmortdf_dev(2012)    -0.154081 -7.65836e-08
fmortdf_dev(2013)     0.192474 -4.90545e-06
fmortdf_dev(2014)      1.23554 -8.14616e-07
fmortdf_dev(2015)     0.263917  5.75115e-07
fmortdf_dev(2016)    -0.217875  4.26013e-06
fmortdf_dev(2017)    -0.255652 -9.28996e-07
fmortdf_dev(2018)    -0.228412  2.85683e-06
fmortdf_dev(2019)    -0.200063 -1.41901e-06
log_avg_fmortt      -5.0898 -8.98931e-05
fmortt_dev_era1(1982)     0.228394  1.00254e-05
fmortt_dev_era1(1983)     0.202761  1.10111e-05
fmortt_dev_era1(1984)     0.142676   1.0419e-05
fmortt_dev_era1(1985)     0.111445  1.15335e-05
fmortt_dev_era1(1986)    -0.270896  1.15698e-05
fmortt_dev_era1(1987)     -0.29693  1.23771e-05
fmortt_dev_era1(1988)    -0.409979  1.34686e-05
fmortt_dev_era1(1989)    -0.454103  2.00489e-06
fmortt_dev_era1(1990)   0.00414264 -2.17919e-05
fmortt_dev_era1(1991)      0.74249 -6.87284e-05
fmortt_dev_era2(1992)      1.30831 -9.66753e-05
fmortt_dev_era2(1993)      1.11376 -3.31796e-05
fmortt_dev_era2(1994)      2.00526 -3.84794e-05
fmortt_dev_era2(1995)     0.787699 -3.25036e-06
fmortt_dev_era2(1996)    -0.151605  2.40793e-06
fmortt_dev_era2(1997)    -0.189363  4.61922e-06
fmortt_dev_era2(1998)    -0.212421  7.73048e-06
fmortt_dev_era2(1999)      0.11839  1.53485e-05
fmortt_dev_era2(2000)     0.114871  6.88395e-06
fmortt_dev_era2(2001)   -0.0468067  9.01451e-06
fmortt_dev_era2(2002)    -0.281967  8.29764e-06
fmortt_dev_era2(2003)     0.173807  1.13721e-05
fmortt_dev_era2(2004)     0.529235  1.03129e-05
fmortt_dev_era2(2005)    -0.262002   7.7555e-06
fmortt_dev_era2(2006)    0.0759029  5.61082e-06
fmortt_dev_era2(2007)    -0.418258  1.60178e-06
fmortt_dev_era2(2008)    -0.513491  3.71114e-06
fmortt_dev_era2(2009)    -0.132009   1.9576e-06
fmortt_dev_era2(2010)    -0.618967  1.09723e-05
fmortt_dev_era2(2011)    -0.497417   6.8897e-06
fmortt_dev_era2(2012)    -0.231293  4.56519e-06
fmortt_dev_era2(2013)    -0.333531  1.05333e-05
fmortt_dev_era2(2014)    -0.312585  1.01794e-05
fmortt_dev_era2(2015)    -0.292881  7.04435e-06
fmortt_dev_era2(2016)    -0.428816  3.46501e-06
fmortt_dev_era2(2017)    -0.525236  7.10761e-06
fmortt_dev_era2(2018)    -0.356167 -1.40348e-06
fmortt_dev_era2(2019)    -0.422415   1.2176e-05
Fem_F_prop_constant          0.5            0
log_avg_sel50_mn       4.6587   0.00235134
fish_slope_mn     0.186712  0.000942984
fish_fit_slope_mn     0.481035  2.05973e-05
fish_fit_sel50_mn      96.1096  -0.00119317
fish_disc_slope_f     0.255466 -2.22203e-07
fish_disc_sel50_f      4.22657   5.4198e-06
fish_disc_slope_tf    0.0799377  2.70152e-05
fish_disc_sel50_tf      109.302  3.45385e-05
srv2_q     0.497416 -1.19322e-06
srv2_q_f     0.800679 -8.84774e-07
srv2_sel95      60.9632 -3.32164e-07
srv2_sel50       41.874 -1.50185e-07
srv3_q     0.770251  5.15311e-06
srv3_sel95      58.1998 -3.57632e-06
srv3_sel50      38.7674  5.49921e-07
srv3_sel95_f       49.315 -3.26045e-07
srv3_sel50_f      37.4215  1.71138e-06
srvind_q     0.999997  1.00817e-09
srvind_q_f     0.164406 -1.26192e-07
srvind_sel95_f      55.0228 -8.26574e-07
srvind_sel50_f      50.1376  1.35432e-06
srv10ind_q            1 -4.47217e-06
srv10ind_q_f            1 -5.88795e-06
selsmo10ind(1)      8.20643  3.42187e-05
selsmo10ind(2)      7.71188 -0.000104516
selsmo10ind(3)      7.21738  9.66741e-05
selsmo10ind(4)      6.72291  1.24543e-05
selsmo10ind(5)      6.22831 -6.85172e-05
selsmo10ind(6)      5.73345  0.000109062
selsmo10ind(7)      5.23957 -0.000211741
selsmo10ind(8)      4.74984  0.000225559
selsmo10ind(9)      4.26845 -4.44664e-05
selsmo10ind(10)      3.80082 -0.000141298
selsmo10ind(11)      3.35208  0.000122121
selsmo10ind(12)       2.9272  1.00516e-05
selsmo10ind(13)      2.53075  -2.8206e-05
selsmo10ind(14)      2.16454 -2.51315e-05
selsmo10ind(15)      1.82832 -3.72927e-05
selsmo10ind(16)      1.51989  2.77618e-05
selsmo10ind(17)       1.2357   3.9672e-05
selsmo10ind(18)     0.969916  6.41113e-05
selsmo10ind(19)     0.714735 -0.000177067
selsmo10ind(20)     0.463604  0.000174702
selsmo10ind(21)      0.21335 -0.000101758
selsmo10ind(22)   -0.0369591 -3.85079e-05
selsmo09ind(1)      -9.1592 -1.75583e-06
selsmo09ind(2)     -8.08071 -8.72558e-08
selsmo09ind(3)     -7.00269  1.11859e-06
selsmo09ind(4)     -5.92899  1.70311e-06
selsmo09ind(5)     -4.87261  2.28587e-06
selsmo09ind(6)     -3.86678  1.96883e-06
selsmo09ind(7)     -2.96658  1.04921e-06
selsmo09ind(8)     -2.25078  1.73476e-07
selsmo09ind(9)     -1.76549 -1.60028e-07
selsmo09ind(10)     -1.44373 -5.36697e-07
selsmo09ind(11)     -1.22407 -5.62149e-07
selsmo09ind(12)     -1.02209 -3.62253e-07
selsmo09ind(13)    -0.809889  1.06603e-07
selsmo09ind(14)    -0.672521 -2.97731e-07
selsmo09ind(15)    -0.724127  8.17479e-07
selsmo09ind(16)    -0.932791  4.34614e-07
selsmo09ind(17)     -1.15392  7.62599e-07
selsmo09ind(18)     -1.27781 -3.29225e-07
selsmo09ind(19)     -1.27484   5.7011e-07
selsmo09ind(20)     -1.17681  6.53581e-07
selsmo09ind(21)      -1.0393  5.99338e-07
selsmo09ind(22)    -0.889031  7.95753e-07
Mmult_imat      1.12671  -0.00393168
Mmult      1.08439 -0.000674995
Mmultf      1.37093 -6.22989e-07
cpueq   0.00119007 -1.99528e-07
