# Number of parameters = 427 Objective function value = 2232.70195234183  Maximum gradient component = 0.000540495191486477
# af:
-1.15390000000
# am:
2.04920000000
# bf:
1.33890000000
# bm:
1.22580000000
# bf1:
1.15108525751
# deltaf:
120.000000000
# st_gr:
0.500000000000
# growth_beta:
 0.750000000000 0.750000000000
# matest50f:
45.0000000000
# matestslpf:
0.275000000000
# matest50m:
85.0000000000
# matestslpm:
0.260000000000
# mateste:
 -4.90703112610 -4.40976689135 -3.91250286090 -3.41605733471 -2.92912306427 -2.48016587591 -2.10035381188 -1.80781105881 -1.62615613309 -1.50846847453 -1.42930082345 -1.41360002038 -1.37259459757 -1.15425475579 -0.719114164441 -0.211362717158 -1.52328283320e-09
# matestfe:
 -4.41905976942 -3.42972438350 -2.44038409302 -1.45825706489 -0.567946609727 -0.117307910287 -0.0954919811332 -0.0325142214179
# moltp_af:
2.00000000000
# moltp_bf:
150.000000000
# moltp_am:
1.52000000000
# moltp_bm:
215.000000000
# moltp_ammat:
0.0500000000000
# moltp_bmmat:
105.000000000
# mean_log_rec_f:
13.7885850941
# mean_log_rec_m:
13.4421988766
# rec_devf:
 -1.57294227909 -0.827138183902 0.164573870298 1.87630820458 0.857323146012 0.167458238317 -0.442416849181 0.338985678550 0.380274657603 0.954948863454 1.12543587146 1.01567305440 -0.447833382264 -0.765158715208 -0.798035125720 -0.581220222976 -0.287820467026 -0.798431632277 -0.960126110871 -1.06863771555 -0.259335478372 0.746901805693 0.289374551044 0.00656046889984 -0.747097628672 -0.749111946888 1.11328655040 0.0130834813669 -0.518782648121 -0.351432850705 -0.158765839931 -0.309998583136 0.515760368653 1.44333276110 0.766141130909 -0.0859909400306 -0.0434042880976 -0.00174180314941 -1.15662366522e-08
# rec_devm:
 0.999583868297 0.848198545030 1.09883092341 1.68416544993 1.41904773779 1.74598845577 -1.50843987695 -1.02120123485 -0.371403066400 2.51189738869 -0.116131585881 -0.129688241628 -1.05606310973 -1.54511478030 -1.21370559048 0.637890319386 0.126934900803 -0.898152083937 -0.879097769413 -0.0183574070046 1.02045342902 0.722614755967 0.456493910366 -0.472712352116 -1.53631048718 -1.34139514002 0.321556328431 -0.738502653580 -1.02600259116 -1.16368765034 -0.688696469636 -0.0640955401519 0.649613060275 1.15860115032 0.409522748767 -0.0180922294893 -0.00374061195168 -0.000802486431199 -1.35986952753e-08
# alpha1_rec:
11.5000000000
# beta_rec:
4.00000000000
# mnatlen_styr:
 11.4184471911 11.5038636176 11.7065252860 11.9853879789 12.1822964889 12.1076017330 11.9308652155 11.7197974475 11.6416260178 11.4947268711 11.1377487545 11.0173646974 11.1129366561 10.4470174027 9.16868164016 8.09429101718 7.28880607323 6.70573832163 6.27988588667 5.96899184871 5.75853620318 5.65189363096
 2.12165551353 3.44322040197 4.76478006404 6.08626772805 7.40684527879 8.71589902443 9.87068074969 10.7594528002 11.3496332041 11.6877517957 11.8433129142 11.8821198784 11.8584430808 11.7725118045 11.5677291555 11.2050271134 10.5932738069 9.75723070698 8.76501853622 7.68670985994 6.57302645339 5.45087166278
# fnatlen_styr:
 9.56379348620 9.65496816844 9.97236702079 10.6073261664 11.9321469237 13.0485384406 12.4587257849 11.5214536682 10.4938801367 9.49999748569 8.89819214515 8.62764643220
 9.88107509183 9.97706459798 10.2822512898 11.0286877625 12.3821233317 12.9837683974 12.4668685310 11.5141604944 10.6169025478 9.62019408900 8.98524878490 8.69471041025
# log_avg_fmort:
-0.414982257713
# fmort_dev:
 -0.655056232265 -1.18549100327 -0.469820574903 0.110636814342 0.601040234244 1.26632505305 1.21052492365 0.944251347573 1.78356948829 1.83602294429 1.17588442883 0.572855504663 0.225171609001 -0.000325944144479 -0.354125852384 0.00806118557887 0.0481392434028 -1.33693984983 -1.33613246502 -0.795887740745 -0.949746345381 -1.33130265176 -1.30754166982 -0.718262495434 -0.641952200046 -0.317501215668 -0.690896590810 -1.02945759350 -0.830206842392 0.0789723754732 0.437596605766 0.570604166448 1.01494472003 0.905945559342 0.407275924502 0.0985170235518 -0.308278772043 0.962586887389
# log_avg_fmortdf:
-6.23017043596
# fmortdf_dev:
 -0.0488625613307 -0.0809946423539 -0.0386591750491 -0.0267130154044 0.0209982612247 -0.0545814623189 -0.212263503455 -0.171476364944 -0.0775981356619 0.0580838822715 0.703730544322 0.277304354003 -0.00286639617508 -0.391008143036 0.0482016266527 -0.361175283192 -0.255372898341 -0.219069563753 -0.176625272538 -0.146765755956 -0.100966595129 -0.0951296977238 -0.0900601853163 -0.129096292744 -0.194222965598 -0.164059901632 -0.159953751764 -0.131532309109 -0.185293188963 1.33957919868 -0.0894841476232 0.262819952705 1.47291427733 0.332313798172 -0.0831544498815 -0.200311323267 -0.296398894400 -0.332250018703
# log_avg_fmortt:
-5.31192700379
# fmortt_dev_era1:
 0.185737559180 0.172528181675 0.130696212623 0.102265808284 -0.315559234677 -0.320772694670 -0.407547784780 -0.431842095814 0.0766151057218 0.807878942457
# fmortt_dev_era2:
 1.32423779608 1.08372652079 1.90615049436 0.644614213937 -0.268774655068 -0.305821576078 -0.360678423432 -0.0711509957011 -0.00625397573192 -0.107730379281 -0.340030462739 0.0796255419386 0.394417283294 -0.277653176194 0.0483221227951 -0.443202001702 -0.542529262708 -0.151435745210 -0.579580076077 -0.434365559048 -0.158828289926 -0.251361139601 -0.207141182135 -0.163658849141 -0.206211524793 -0.249173940360 -0.110686543167 -0.244826215101
# discard_mult:
1.00000000000
# Fem_F_prop_constant:
0.500000050000
# log_avg_sel50_mn:
4.66163502155
# log_sel50_dev_mn:
 0.00000000000 0.00000000000 0.00000000000 0.00000000000 0.00000000000 0.00000000000 0.00000000000 0.00000000000 0.00000000000 0.00000000000 0.00000000000 0.00000000000 0.00000000000 0.00000000000 0.00000000000 0.00000000000 0.00000000000 0.00000000000 0.00000000000 0.00000000000 0.00000000000 0.00000000000 0.00000000000 0.00000000000 0.00000000000 0.00000000000 0.00000000000 0.00000000000 0.00000000000 0.00000000000 0.00000000000 0.00000000000 0.00000000000 0.00000000000 0.00000000000 0.00000000000 0.00000000000 0.00000000000 0.00000000000
# log_avg_sel50_mo:
4.50000000000
# log_sel50_dev_mo:
 0.00000000000 0.00000000000 0.00000000000 0.00000000000 0.00000000000 0.00000000000 0.00000000000 0.00000000000 0.00000000000 0.00000000000 0.00000000000 0.00000000000 0.00000000000 0.00000000000 0.00000000000 0.00000000000 0.00000000000 0.00000000000 0.00000000000 0.00000000000 0.00000000000 0.00000000000 0.00000000000 0.00000000000 0.00000000000 0.00000000000 0.00000000000 0.00000000000 0.00000000000 0.00000000000 0.00000000000 0.00000000000 0.00000000000 0.00000000000 0.00000000000 0.00000000000 0.00000000000 0.00000000000 0.00000000000
# fish_slope_mn:
0.184110666841
# fish_slope_mo:
0.450000000000
# fish_fit_slope_mn:
0.478153255416
# fish_fit_sel50_mn:
96.4423830553
# fish_fit_slope_mo:
0.275000000000
# fish_fit_sel50_mo:
100.000000000
# fish_slope_mo2:
1.95000000000
# fish_sel50_mo2:
159.500000000
# fish_slope_mn2:
1.00500000000
# fish_sel50_mn2:
130.000000000
# fish_disc_slope_f:
0.257222062081
# fish_disc_sel50_f:
4.23690638603
# log_dev_50f:
 0.00000000000 0.00000000000 0.00000000000 0.00000000000 0.00000000000 0.00000000000 0.00000000000 0.00000000000 0.00000000000 0.00000000000 0.00000000000 0.00000000000 0.00000000000 0.00000000000 0.00000000000 0.00000000000 0.00000000000 0.00000000000 0.00000000000 0.00000000000 0.00000000000 0.00000000000 0.00000000000 0.00000000000 0.00000000000
# fish_disc_slope_tf:
0.0842533351425
# fish_disc_sel50_tf:
107.209908901
# srv1_q:
0.625613107797
# srv1_q_f:
0.577333297245
# srv1_sel95:
63.7931648411
# srv1_sel50:
36.5119281951
# srv2_q:
0.452879768373
# srv2_q_f:
0.621386952890
# srv2_sel95:
60.9312391738
# srv2_sel50:
41.9704106847
# srv3_q:
 0.778729637362 0.772329443823 0.843562941202 0.829897892346 0.604515632362 0.531711287706 0.553521583673 0.591124496542 0.564523159566 0.514587944764 0.414467312212 0.304635112581 0.370435952809 0.572295923149 0.485689509323 0.372655499457 0.388895157431 0.556667888057 0.573175049149 0.568612978916 0.512628961279 0.484351628676 0.609225983367 0.771032895571 0.812383225251 0.845435832901 0.999998277062 0.919241763380 0.852973294752 0.870716908330 0.888456673972 0.906194378041 0.923931339597
# srv3_sel95:
53.4503403674
# srv3_sel50:
36.4847236534
# srv3_q_f:
 0.786936238936 0.999999483154 0.999999864088 0.999999690719 0.883865743199 0.712023934219 0.601552239199 0.579828789600 0.468306214290 0.523737274844 0.501508980417 0.377953623516 0.591010912325 0.616776814301 0.509638346307 0.595497247644 0.707246404379 0.681544836951 0.516610922359 0.454296217754 0.456329942308 0.570101942364 0.650720919210 0.895881898123 0.999986004027 0.999999824946 0.975188469808 0.826902990024 0.613301207530 0.579913128597 0.546525591336 0.513138368069 0.479751278468
# srv3_sel95_f:
48.2316107566
# srv3_sel50_f:
36.7116186434
# srvind_q:
0.999996804406
# srvind_q_f:
0.122919439253
# srvind_sel95_f:
53.6035986247
# srvind_sel50_f:
49.3328135867
# srv10ind_q:
0.743992145306
# srv10ind_q_f:
0.868987402376
# srv10ind_sel95_f:
26.4042645794
# srv10ind_sel50_f:
24.1180932646
# selsmo10ind:
 19.9996580718 19.9997569363 19.9998220441 19.9998496280 19.9998183627 19.9997256780 19.9996311538 19.9995469321 19.9994765197 19.9994196618 19.9993744614 19.9993387811 19.9993141719 19.9993086681 19.9993195652 19.9993429843 19.9993758879 19.9994163796 19.9994629442 19.9995157178 19.9995753318 19.9996329741
# selsmo09ind:
 -9.12167832682 -8.04642248538 -6.97160767126 -5.90105587284 -4.84779089747 -3.84531357099 -2.94918053750 -2.23830365903 -1.75878863439 -1.44303822751 -1.22847467440 -1.03116803731 -0.828959074546 -0.713401738323 -0.797497901096 -1.03804113232 -1.27736716802 -1.40579293586 -1.39607459954 -1.28352428505 -1.12782477542 -0.958509471556
# Mmult_imat:
1.15723445793
# Mmult:
1.10040718148
# Mmultf:
1.38336832960
# cpueq:
0.00101218127827
# proprecn:
1.00000000000
