# Number of parameters = 440 Objective function value = -488.489325557272  Maximum gradient component = 19.2919446659883
# af:
-1.15390000000
# am:
2.04920000000
# bf:
1.33890000000
# bm:
1.22580000000
# bf1:
1.15108525751
# deltaf:
120.000000000
# st_gr:
0.500000000000
# growth_beta:
 0.750000000000 0.750000000000
# matest50f:
45.0000000000
# matestslpf:
0.275000000000
# matest50m:
85.0000000000
# matestslpm:
0.260000000000
# mateste:
 -4.19763312023 -3.76633625297 -3.33504299860 -2.90399138106 -2.47739840324 -2.08212782454 -1.74998056586 -1.49468107693 -1.33294745411 -1.21689205856 -1.13491750870 -1.11789692675 -1.06932165041 -0.868294185814 -0.509800584299 -0.135146837040 -8.40850598038e-08
# matestfe:
 -3.69323718438 -2.85456991299 -2.01588895773 -1.18251408183 -0.428457346463 -0.0890621880635 -0.0983926698654 -0.0409975817941
# moltp_af:
2.00000000000
# moltp_bf:
150.000000000
# moltp_am:
1.52000000000
# moltp_bm:
215.000000000
# moltp_ammat:
0.0500000000000
# moltp_bmmat:
105.000000000
# mean_log_rec_f:
13.8234509645
# mean_log_rec_m:
13.9112585201
# rec_devf:
 -1.10623860554 -1.12083329728 0.0836114503957 1.73288383891 1.20105755066 0.793913177421 -0.195082015645 0.675999641284 0.520695935123 0.911608749632 0.959660866981 0.860850379829 -0.467718871674 -0.711126419145 -0.867149923317 -0.594753539324 -0.00382382639896 -0.733393280327 -0.776295838199 -0.759787260349 0.00997397403988 0.757929904682 0.0872954927084 -0.0798130758603 -0.726739496701 -0.923808727742 0.862701100765 0.0543605654639 -0.532719204694 -0.114272093354 0.465006856986 0.943388971883 -0.325145900335 -0.297865815433 -0.264422341077 -0.205653737860 -0.111672591661 -0.00253624762053 -8.63472320538e-05
# rec_devm:
 0.393808959587 0.578327539219 0.768935617508 1.96911845829 0.729958516267 1.75854279208 -1.13374844671 0.0655136404202 0.169102365174 2.41243548680 -0.0983451603337 0.419795139480 -0.948394172618 -1.52794844863 -1.19351238734 0.579820881534 -0.0374880680839 -1.01266015024 -1.00028578268 0.00873208182485 0.620744716652 0.475385337990 0.379342079459 -0.694021736883 -1.70079410998 -1.52285241470 -0.129919085375 0.103277887349 0.270755836745 -0.0940429084884 0.225118693846 0.00917827658086 -0.368322109966 -0.300556342669 -0.133956861646 -0.0325000550387 -0.00711092087032 -0.00168643237887 0.000251287836985
# alpha1_rec:
11.5000000000
# beta_rec:
4.00000000000
# mnatlen_styr:
 11.8632147120 11.9123102917 12.0922464073 12.3539608415 12.5448599024 12.4619219159 12.2899174340 12.1407254235 12.0627290026 11.8499564089 11.5290525692 11.4517656662 11.4015140079 10.5668831134 9.29289649962 8.25040216356 7.45438391606 6.86385175571 6.42103607553 6.08759249384 5.85607077498 5.73745010448
 1.79774464298 3.18983849459 4.58193848361 5.97402634896 7.36556308444 8.74822390545 9.99031306902 10.9801324535 11.6692524321 12.0821730924 12.2761892071 12.3155214912 12.2576938242 12.1132327620 11.8459660736 11.4124746823 10.7220642932 9.82239668869 8.79213297257 7.69372305408 6.56817477242 5.43625091728
# fnatlen_styr:
 10.4887935904 10.6161858299 10.9537782362 11.4973503023 12.6891206172 13.5138985815 12.8408268910 11.8777131951 10.8658479221 9.90790573551 9.33047397944 9.07196535868
 10.4089218471 10.4894734877 10.7433137197 11.3553184527 12.4804587029 13.1357904492 12.6926389083 11.8027972864 10.9581694813 10.0155589610 9.41154714340 9.13497731498
# log_avg_fmort:
-0.263642794423
# fmort_dev:
 -0.653736159012 -1.27024418558 -0.610859406088 -0.0978214820836 0.288807910091 0.988860176614 1.09880578487 0.792327265330 1.44796187876 1.66543343156 1.36731178459 0.720353952746 0.430247565259 0.160827859613 0.0300330525537 0.306570277128 0.453726095618 -0.948949788563 -0.873299121781 -0.114629777141 -0.417851535448 -1.00733996096 -0.991067007763 -0.313713375499 -0.296533629419 -0.0654753385500 -0.484657209256 -0.898132570019 -0.774703442129 0.0870143968016 0.338093264800 0.204279005604 0.0260080206568 0.688538142553 0.792656924452 -3.95676520518 0.797253973246 1.09066843162
# log_avg_fmortdf:
-6.62508209776
# fmortdf_dev:
 -0.0999072828969 -0.0862632925585 -0.0725256865086 -0.0765964045934 -0.0568437898814 0.00304768774380 -0.0760699214908 -0.0485999901154 0.0217502718815 0.148253146586 0.977879402351 0.393527487746 0.170953962720 -0.145318189505 0.286962903503 -0.152343610039 -0.111506509406 -0.116622010934 -0.111202843395 -0.104202624269 -0.0874386952878 -0.0884138991215 -0.0872545519769 -0.0918504411299 -0.102746822886 -0.0818594298778 -0.0887990574840 -0.0923031719430 -0.139233856098 1.53412892953 -0.129087135739 0.146618286506 1.00424151032 -0.0378091768766 -0.524466459406 -0.587473259452 -0.617887917249 -0.672737558767
# log_avg_fmortt:
-4.98751795613
# fmortt_dev_era1:
 0.239271492706 0.229658131987 0.159211290066 0.100168101831 -0.324317536422 -0.317274425458 -0.410725530133 -0.479286896333 0.00363045309982 0.799664918655
# fmortt_dev_era2:
 1.43513537087 1.20715601007 2.03482824028 0.748722951887 -0.0111874908534 -0.0692612439608 -0.117456765163 0.157518246870 0.165679392553 0.0129648377202 -0.229434959632 0.210985998686 0.579960513472 -0.195251859707 0.139929983436 -0.361259153800 -0.454486643072 -0.0624306704821 -0.546606924658 -0.430901871547 -0.196193885355 -0.357453338752 -0.461673089126 -0.611224211698 -0.698061535708 -0.710825558553 -0.674122016362 -0.505050327412
# discard_mult:
1.00000000000
# Fem_F_prop_constant:
0.500000050000
# log_avg_sel50_mn:
4.66667597156
# log_sel50_dev_mn:
 0.00000000000 0.00000000000 0.00000000000 0.00000000000 0.00000000000 0.00000000000 0.00000000000 0.00000000000 0.00000000000 0.00000000000 0.00000000000 0.00000000000 0.00000000000 0.00000000000 0.00000000000 0.00000000000 0.00000000000 0.00000000000 0.00000000000 0.00000000000 0.00000000000 0.00000000000 0.00000000000 0.00000000000 0.00000000000 0.00000000000 0.00000000000 0.00000000000 0.00000000000 0.00000000000 0.00000000000 0.00000000000 0.00000000000 0.00000000000 0.00000000000 0.00000000000 0.00000000000 0.00000000000 0.00000000000
# log_avg_sel50_mo:
4.50000000000
# log_sel50_dev_mo:
 0.00000000000 0.00000000000 0.00000000000 0.00000000000 0.00000000000 0.00000000000 0.00000000000 0.00000000000 0.00000000000 0.00000000000 0.00000000000 0.00000000000 0.00000000000 0.00000000000 0.00000000000 0.00000000000 0.00000000000 0.00000000000 0.00000000000 0.00000000000 0.00000000000 0.00000000000 0.00000000000 0.00000000000 0.00000000000 0.00000000000 0.00000000000 0.00000000000 0.00000000000 0.00000000000 0.00000000000 0.00000000000 0.00000000000 0.00000000000 0.00000000000 0.00000000000 0.00000000000 0.00000000000 0.00000000000
# fish_slope_mn:
0.200166791324
# fish_slope_mo:
0.450000000000
# fish_fit_slope_mn:
0.442454781835
# fish_fit_sel50_mn:
95.9434923150
# fish_fit_slope_mo:
0.275000000000
# fish_fit_sel50_mo:
100.000000000
# fish_slope_mo2:
1.95000000000
# fish_sel50_mo2:
159.500000000
# fish_slope_mn2:
1.00500000000
# fish_sel50_mn2:
130.000000000
# fish_disc_slope_f:
0.273743325430
# fish_disc_sel50_f:
4.21083032795
# log_dev_50f:
 0.00000000000 0.00000000000 0.00000000000 0.00000000000 0.00000000000 0.00000000000 0.00000000000 0.00000000000 0.00000000000 0.00000000000 0.00000000000 0.00000000000 0.00000000000 0.00000000000 0.00000000000 0.00000000000 0.00000000000 0.00000000000 0.00000000000 0.00000000000 0.00000000000 0.00000000000 0.00000000000 0.00000000000 0.00000000000
# fish_disc_slope_tf:
0.0795824471726
# fish_disc_sel50_tf:
115.069245101
# srv1_q:
0.625613107797
# srv1_q_f:
0.577333297245
# srv1_sel95:
63.7931648411
# srv1_sel50:
36.5119281951
# srv2_q:
0.399038419489
# srv2_q_f:
0.865773167054
# srv2_sel95:
63.7316248176
# srv2_sel50:
44.5198032969
# srv3_q:
0.557575347392
# srv3_sel95:
66.7557080714
# srv3_sel50:
43.3543868860
# srv3_q_f:
0.999999971291
# srv3_sel95_f:
52.9914717386
# srv3_sel50_f:
40.5819042354
# srvind_q:
0.999995590377
# srvind_q_f:
0.191259249648
# srvind_sel95_f:
55.3451951048
# srvind_sel50_f:
50.3184769743
# srv10ind_q:
0.746006881407
# srv10ind_q_f:
0.999999916295
# srv10ind_sel95_f:
26.4042645794
# srv10ind_sel50_f:
24.1180932646
# selsmo10ind:
 19.8582597243 19.8847102723 19.9104401691 19.9347533228 19.9562506618 19.9755724669 19.9886746911 19.9955068593 19.9985300543 19.9999327695 19.9998507569 19.9961532849 19.9906950316 19.9844766959 19.9784357963 19.9713824178 19.9632216374 19.9549447618 19.9466919722 19.9391175485 19.9315841501 19.9232582506
# selsmo09ind:
 -9.06082204483 -8.01908785279 -6.97784789861 -5.94122000496 -4.92244420079 -3.95475858347 -3.09295717454 -2.41566515010 -1.97111380156 -1.69106611112 -1.50827190570 -1.32919503506 -1.11734697243 -0.952967374316 -0.952280494460 -1.08961410146 -1.23383812748 -1.28273874530 -1.20132258091 -1.01949566108 -0.795349498559 -0.558544731530
# Mmult_imat:
1.02801696738
# Mmult:
1.04252351702
# Mmultf:
1.14179551366
# m_dev_m:
 0.905091490314 0.696024970749 0.432932286961 0.0841644932312 -0.136737066833 -0.0986274584972 0.150723058220 0.515043838111 0.890028415031 1.15333541137 1.15584127479 0.965130506860 1.10903708813 1.34573864190 1.51202183467 0.918763317871 0.705807630865 0.631018863620 0.717770625364 0.874064609758 0.902512848245 0.779101755331 0.642363256135 0.589793924676 0.571738330854 0.560614872239 0.500891155318 0.350332649663 0.142669237919 -0.117141318907 -0.502367534099 -1.01302626942 -1.57075493827 -2.09254380265 -2.51417920745 -2.80221482064 -2.95448606433 -3.00022953152 -3.00024837558
# m_dev_f:
 0.939337494697 1.35946953135 1.60068099634 1.45993781141 1.10344997182 0.720463252627 0.459361799621 0.421449390874 0.555662470115 0.768900293769 0.938079047276 0.981281978016 0.892373662943 0.749262595175 0.610904966254 0.555855725619 0.562609643739 0.599764905477 0.708224391471 0.852066612073 1.02184995471 1.22925108845 1.40941425406 1.45023746038 1.28403437759 0.963773237063 0.565580183947 0.113768964406 -0.377324073263 -0.902260143720 -1.45491373461 -1.98936108031 -2.44315415914 -2.76539626937 -2.94293048069 -3.00043535198 -3.00043550516 -3.00042066282 -3.00041460020
# cpueq:
0.000924272186634
# proprecn:
1.00000000000
