# Number of parameters = 440 Objective function value = -2171.57804136889  Maximum gradient component = 107.686944449409
# af:
-1.15390000000
# am:
2.04920000000
# bf:
1.33890000000
# bm:
1.22580000000
# bf1:
1.15108525751
# deltaf:
120.000000000
# st_gr:
0.500000000000
# growth_beta:
 0.750000000000 0.750000000000
# matest50f:
45.0000000000
# matestslpf:
0.275000000000
# matest50m:
85.0000000000
# matestslpm:
0.260000000000
# mateste:
 -3.99087822397 -3.58246570019 -3.17404494939 -2.76573395202 -2.36086549496 -1.98494309597 -1.67005613774 -1.43070691386 -1.28213760910 -1.18070125480 -1.11364873556 -1.09710945182 -1.03416013901 -0.823208660484 -0.469348320838 -0.120626332295 -1.13047171624e-09
# matestfe:
 -3.45529941664 -2.66394097929 -1.87255489594 -1.08641062171 -0.374861988344 -0.0687492713532 -0.0851608471738 -0.0398331512972
# moltp_af:
2.00000000000
# moltp_bf:
150.000000000
# moltp_am:
1.52000000000
# moltp_bm:
215.000000000
# moltp_ammat:
0.0500000000000
# moltp_bmmat:
105.000000000
# mean_log_rec_f:
13.9292603391
# mean_log_rec_m:
14.1477087490
# rec_devf:
 -1.12714300753 -1.18939421513 0.00825834344578 1.64602439149 1.16351178080 0.942418835497 -0.178339883118 0.709694401514 0.530288545927 0.887928585108 0.945927627614 0.902472769314 -0.389942399496 -0.611066290946 -0.829602028689 -0.562331907401 0.0861284051257 -0.683898241417 -0.699050001696 -0.685227149262 0.000780746273718 0.709772623877 0.0975645752800 -0.206907747640 -0.744216062552 -0.983616711152 0.914745709298 0.476962994494 0.0383913695457 0.578276938042 -0.292954971475 -0.318884155016 -0.305496679115 -0.278890304500 -0.246688929730 -0.193732962884 -0.109111590184 -0.00285853985064 0.000205136132346
# rec_devm:
 0.187220883550 0.418172614017 0.615284611074 1.83494733118 0.401087711866 1.67958466386 -1.05380025724 0.0789921198272 0.237305831704 2.35282695833 -0.146104376587 0.579227146989 -0.832304949584 -1.44057042205 -1.10482187700 0.631338959087 -0.00366463069831 -0.979410094211 -0.986056123209 0.0290500629781 0.575698992423 0.507630118593 0.300022969914 -0.661219458402 -1.43490720438 -0.743078579733 0.802733657517 -0.256240082537 0.0861376384614 0.0412755224661 -0.364042924798 -0.382724746556 -0.420695181004 -0.342951818158 -0.157643719038 -0.0390091073756 -0.00818027627722 -0.00131585035067 0.000203885348877
# alpha1_rec:
11.5000000000
# beta_rec:
4.00000000000
# mnatlen_styr:
 11.9246211989 11.9763996523 12.1682352344 12.4449532678 12.6511196445 12.5742383188 12.4079388591 12.2742400396 12.1925542445 11.9746009742 11.6712727833 11.5939576282 11.5054640511 10.6589354761 9.39445833098 8.35629372547 7.55570529212 6.95880486897 6.50970471983 6.17037201982 5.93405852783 5.81286583943
 1.66452875193 3.09249425364 4.52044135541 5.94834460686 7.37568922993 8.79461424342 10.0712220837 11.0912690219 11.8034146516 12.2294725779 12.4257340595 12.4573052395 12.3842381627 12.2219289616 11.9414167879 11.4977720946 10.7989962861 9.89500110579 8.86405100846 7.76695753153 6.64354787269 5.51395563890
# fnatlen_styr:
 10.8529992575 11.0156298361 11.4009540519 11.9908881654 13.3045352409 14.0525856973 13.4216395315 12.4469756812 11.4521861370 10.3829551423 9.73090626982 9.44356971847
 -9.99627401902 -9.99814761399 -9.99725229589 -9.99665548865 -9.99993605133 -9.99967711969 -9.99704838247 -9.99426710100 -9.98772222635 -9.98439549664 -9.98048041233 -9.98028439513
# log_avg_fmort:
-0.314104711658
# fmort_dev:
 -0.652873077334 -1.29468279624 -0.644759542677 -0.148719031409 0.207285636494 0.857626355694 0.937496021464 0.642180845003 1.27985812672 1.58890724152 1.42499119196 0.754149528885 0.459807583726 0.155755406610 0.0619117306795 0.284718963006 0.405735864141 -1.03945318886 -0.920937423224 -0.0986160481073 -0.453365005042 -1.07083186157 -1.03185353232 -0.314564631045 -0.296798148853 -0.0794494294113 -0.521669843748 -0.981774986415 -0.940380246990 -0.286276055492 -0.484991028298 0.779825894337 0.792924919108 0.805114411907 0.795141842305 0.779513859936 -2.97587946853 1.22492992207
# log_avg_fmortdf:
-6.81241632821
# fmortdf_dev:
 -0.0696935925432 -0.0773321453868 -0.0642152026406 -0.0687876332369 -0.0521969426221 0.0162575633056 -0.0181950882832 0.0259097116610 0.0858920113982 0.180337935109 1.00088788717 0.359085960034 0.173525322458 -0.108567972066 0.287420309481 -0.122258413583 -0.0902678422155 -0.0979656510205 -0.0944640276499 -0.0883714866486 -0.0758042956478 -0.0762650282642 -0.0766510386858 -0.0787700211762 -0.0876636779759 -0.0697504366582 -0.0770764523412 -0.0834002577958 -0.146099702265 1.38754393994 -0.199912136260 0.0131458126059 0.774350090215 -0.0910169388312 -0.513962326458 -0.554949598673 -0.582779451858 -0.637939182582
# log_avg_fmortt:
-5.12898834200
# fmortt_dev_era1:
 0.234676520084 0.235895223184 0.173853305838 0.107705452240 -0.346039511500 -0.343034403568 -0.440279333308 -0.507992856188 0.0197718196333 0.865443783585
# fmortt_dev_era2:
 1.54042856992 1.30239720951 2.10010943185 0.785509324948 0.0557099825575 -0.00715789557327 -0.0703150578549 0.174446468092 0.193940444145 0.0449805529829 -0.196079909177 0.241224021743 0.616797450598 -0.155205262592 0.181182421383 -0.317653523836 -0.413191030816 -0.0405141837695 -0.559391199293 -0.521521021161 -0.430922024205 -0.726101040536 -0.689247681779 -0.661361594639 -0.719083325271 -0.711014430902 -0.436503859422 -0.581462836896
# discard_mult:
1.00000000000
# Fem_F_prop_constant:
0.500000050000
# log_avg_sel50_mn:
4.66563678959
# log_sel50_dev_mn:
 0.00000000000 0.00000000000 0.00000000000 0.00000000000 0.00000000000 0.00000000000 0.00000000000 0.00000000000 0.00000000000 0.00000000000 0.00000000000 0.00000000000 0.00000000000 0.00000000000 0.00000000000 0.00000000000 0.00000000000 0.00000000000 0.00000000000 0.00000000000 0.00000000000 0.00000000000 0.00000000000 0.00000000000 0.00000000000 0.00000000000 0.00000000000 0.00000000000 0.00000000000 0.00000000000 0.00000000000 0.00000000000 0.00000000000 0.00000000000 0.00000000000 0.00000000000 0.00000000000 0.00000000000 0.00000000000
# log_avg_sel50_mo:
4.50000000000
# log_sel50_dev_mo:
 0.00000000000 0.00000000000 0.00000000000 0.00000000000 0.00000000000 0.00000000000 0.00000000000 0.00000000000 0.00000000000 0.00000000000 0.00000000000 0.00000000000 0.00000000000 0.00000000000 0.00000000000 0.00000000000 0.00000000000 0.00000000000 0.00000000000 0.00000000000 0.00000000000 0.00000000000 0.00000000000 0.00000000000 0.00000000000 0.00000000000 0.00000000000 0.00000000000 0.00000000000 0.00000000000 0.00000000000 0.00000000000 0.00000000000 0.00000000000 0.00000000000 0.00000000000 0.00000000000 0.00000000000 0.00000000000
# fish_slope_mn:
0.205460228682
# fish_slope_mo:
0.450000000000
# fish_fit_slope_mn:
0.420008687994
# fish_fit_sel50_mn:
95.7623361134
# fish_fit_slope_mo:
0.275000000000
# fish_fit_sel50_mo:
100.000000000
# fish_slope_mo2:
1.95000000000
# fish_sel50_mo2:
159.500000000
# fish_slope_mn2:
1.00500000000
# fish_sel50_mn2:
130.000000000
# fish_disc_slope_f:
0.283486616941
# fish_disc_sel50_f:
4.19833316737
# log_dev_50f:
 0.00000000000 0.00000000000 0.00000000000 0.00000000000 0.00000000000 0.00000000000 0.00000000000 0.00000000000 0.00000000000 0.00000000000 0.00000000000 0.00000000000 0.00000000000 0.00000000000 0.00000000000 0.00000000000 0.00000000000 0.00000000000 0.00000000000 0.00000000000 0.00000000000 0.00000000000 0.00000000000 0.00000000000 0.00000000000
# fish_disc_slope_tf:
0.0798586808298
# fish_disc_sel50_tf:
114.615501480
# srv1_q:
0.625613107797
# srv1_q_f:
0.577333297245
# srv1_sel95:
63.7931648411
# srv1_sel50:
36.5119281951
# srv2_q:
0.369032412127
# srv2_q_f:
0.840083769371
# srv2_sel95:
63.5025829438
# srv2_sel50:
44.3137056303
# srv3_q:
0.481232040071
# srv3_sel95:
70.8699870272
# srv3_sel50:
45.4043436319
# srv3_q_f:
0.999999971291
# srv3_sel95_f:
54.1748603582
# srv3_sel50_f:
41.6220185195
# srvind_q:
0.999994840172
# srvind_q_f:
0.182404492262
# srvind_sel95_f:
55.9544885253
# srvind_sel50_f:
50.6436440667
# srv10ind_q:
0.644695043846
# srv10ind_q_f:
0.999998339148
# srv10ind_sel95_f:
26.4042645794
# srv10ind_sel50_f:
24.1180932646
# selsmo10ind:
 19.9812722470 19.9900185871 19.9960638063 19.9989478322 19.9986778160 19.9970143340 19.9909035828 19.9857391966 19.9828112997 19.9816047213 19.9785850355 19.9714645804 19.9602530496 19.9427317834 19.9191645310 19.8902232468 19.8560942330 19.8181209609 19.7779771275 19.7346743185 19.6895864278 19.6432196150
# selsmo09ind:
 -10.3898633553 -9.16864500062 -7.94783625704 -6.73119698186 -5.53216641633 -4.38755856058 -3.36300694145 -2.55851307296 -2.03114249021 -1.70728535582 -1.51017119510 -1.33576404103 -1.13678806919 -0.984907641757 -0.993308124893 -1.13759054508 -1.28908366637 -1.34381735031 -1.26448574930 -1.08139551516 -0.854453081338 -0.614506211071
# Mmult_imat:
0.996632241392
# Mmult:
1.04128946957
# Mmultf:
1.10733694456
# m_dev_m:
 1.00752462934 0.793411099761 0.519275890095 0.141365324290 -0.118851348626 -0.115238492723 0.123536800053 0.512292351876 0.945968480511 1.28545133611 1.35118996793 1.16837920156 1.31506714024 1.54130293167 1.69546681682 1.09943445013 0.929031956367 0.869939946661 0.972274096307 1.14374639196 1.16444930106 1.01918591592 0.877211865685 0.846833312180 0.853649252678 0.850913673418 0.743286870150 0.432175034693 -0.0548559467620 -0.651120601949 -1.29625092951 -1.89950232362 -2.39293472775 -2.73929547599 -2.93299122280 -3.00037815184 -3.00037989017 -3.00019007206 -3.00037485367
# m_dev_f:
 0.954597121241 1.43547236918 1.73480161654 1.64943366918 1.33275814290 0.962323489036 0.684525939069 0.616498299198 0.724757280491 0.925398844432 1.09339145415 1.13916621520 1.04592113616 0.886888221113 0.730489782159 0.671678466913 0.694546932628 0.760236335593 0.901447182316 1.07410125917 1.26440793221 1.48001404356 1.64838080674 1.64944659034 1.40743257252 0.955975497889 0.362183570703 -0.323405720263 -1.03093736602 -1.68707549562 -2.23607734510 -2.63797705967 -2.88194421409 -2.98664399490 -3.00044529252 -3.00044884475 -3.00043995750 -3.00044181996 -3.00043766025
# cpueq:
0.000758649769049
# proprecn:
1.00000000000
