# Number of parameters = 440 Objective function value = -3942.34355562289  Maximum gradient component = 0.308320012688852
# af:
-1.15390000000
# am:
2.04920000000
# bf:
1.33890000000
# bm:
1.22580000000
# bf1:
1.15108525751
# deltaf:
120.000000000
# st_gr:
0.500000000000
# growth_beta:
 0.750000000000 0.750000000000
# matest50f:
45.0000000000
# matestslpf:
0.275000000000
# matest50m:
85.0000000000
# matestslpm:
0.260000000000
# mateste:
 -3.88010410669 -3.48559922048 -3.09109479963 -2.69660652257 -2.30503908366 -1.94258359131 -1.64017851567 -1.41117892945 -1.26789178885 -1.16631244354 -1.10057487861 -1.07995849915 -0.995292424219 -0.759635525616 -0.406466655652 -0.0889830865627 -2.44049314091e-09
# matestfe:
 -3.31093626062 -2.56218527798 -1.81340038877 -1.06962571691 -0.393106118898 -0.0817117605826 -0.0859124706369 -0.0349782638090
# moltp_af:
2.00000000000
# moltp_bf:
150.000000000
# moltp_am:
1.52000000000
# moltp_bm:
215.000000000
# moltp_ammat:
0.0500000000000
# moltp_bmmat:
105.000000000
# mean_log_rec_f:
13.9233196152
# mean_log_rec_m:
14.2303156991
# rec_devf:
 -1.10882625455 -1.20177937542 0.00660665780093 1.65698030280 1.18937804913 1.01621650564 -0.158843418254 0.754011529573 0.529216419537 0.914654507821 0.959960196127 0.932687863514 -0.358769800273 -0.555152855396 -0.777428776229 -0.530258393323 0.163262082348 -0.647527356029 -0.647492007074 -0.651812765586 0.00704281276809 0.718055301655 0.0264091686040 -0.208714641380 -0.753917684823 -0.915933852100 1.08070374157 0.745152429138 -0.246239719792 -0.254726845643 -0.282680629907 -0.308743059225 -0.295920104122 -0.268921257382 -0.237156873164 -0.185057419144 -0.102172413256 -0.00226163666414 -4.29297910633e-07
# rec_devm:
 0.241440830529 0.440924698751 0.635827527864 1.89819651406 0.343269556938 1.68961355373 -0.979027716008 0.150786127568 0.182695369506 2.34956397524 -0.0749023033361 0.588660186358 -0.815845623613 -1.42423571946 -1.10177898976 0.625620889115 0.00337059529762 -0.990488157556 -1.00263455445 -0.0552727914106 0.499161321868 0.464877465612 -0.00795377905336 -0.519035655784 -1.09676181997 -0.277106038384 0.915362753313 -0.181275088975 -0.372634216838 -0.386835715118 -0.368909129620 -0.378242041587 -0.432829282164 -0.354497754035 -0.160000448423 -0.0388776770342 -0.00844789083570 -0.00177949341144 5.21074085077e-07
# alpha1_rec:
11.5000000000
# beta_rec:
4.00000000000
# mnatlen_styr:
 12.0399324393 12.0934038978 12.2859150146 12.5603901453 12.7653881167 12.6823480928 12.5241484440 12.4078381097 12.3245739896 12.1125883541 11.8354942263 11.7603438067 11.6261002379 10.7599915035 9.50403013038 8.47498476318 7.66743377288 7.05806697033 6.59633636388 6.24575915802 6.00134747725 5.87614265163
 1.62425383362 3.05912656662 4.49399763236 5.92884055077 7.36321126315 8.78955869063 10.0771811090 11.1127521454 11.8421293287 12.2823129175 12.4859657170 12.5167050630 12.4353207278 12.2618608427 11.9757047040 11.5333052550 10.8355665119 9.93039255068 8.89837163519 7.80115587552 6.67824619262 5.54933308249
# fnatlen_styr:
 10.5901679012 10.7265477177 11.0647789958 11.6015093887 12.7884898065 13.5766508757 12.8925208183 11.9146738875 10.8943450192 9.93248780648 9.35225374694 9.09241213718
 10.4615236326 10.5417060309 10.7919515295 11.3898300260 12.4902086425 13.1586861077 12.7080947343 11.8205963341 10.9775977497 10.0349112181 9.42985476522 9.15254248156
# log_avg_fmort:
-0.315145401620
# fmort_dev:
 -0.657059450079 -1.35133747947 -0.671021458024 -0.140780437420 0.241892374857 0.882391611805 0.922863049741 0.615647484110 1.23993451782 1.56765593583 1.46357702319 0.775280183910 0.472815509835 0.165109412239 0.0864824097355 0.288200072489 0.402836484973 -1.04562989841 -0.912069174250 -0.0778535153173 -0.438362766610 -1.05121210279 -0.998858274073 -0.264537291030 -0.248554094600 -0.0690511580445 -0.566814167129 -1.04998291588 -1.03570369234 0.591500856652 0.631738485330 0.783710688444 0.863235653432 0.835431735869 0.824790269560 -4.99852036305 0.801485947101 1.12076853158
# log_avg_fmortdf:
-6.91315618639
# fmortdf_dev:
 -0.0758877274163 -0.0669501448494 -0.0610284280950 -0.0649434295262 -0.0494376032479 0.0205743506536 -0.00823996664556 0.0357986240080 0.0944968687234 0.185540102739 0.996077896163 0.353386366497 0.175585559110 -0.101466277506 0.289413632633 -0.115903845284 -0.0849179955403 -0.0913507186688 -0.0884232399300 -0.0821261087298 -0.0699548037035 -0.0716618222882 -0.0712643546119 -0.0735618454380 -0.0822648906114 -0.0656210971606 -0.0747912026613 -0.0835085450710 -0.164016063299 1.25726803297 -0.252712358758 -0.00742815071940 0.785440743008 -0.0704848342582 -0.494903306810 -0.536215667703 -0.564469819841 -0.620047928129
# log_avg_fmortt:
-4.87752575111
# fmortt_dev_era1:
 0.245479245076 0.211193757483 0.154455848262 0.105282225481 -0.339142033261 -0.334251173654 -0.438195530319 -0.509602272241 0.0226107227523 0.882169210420
# fmortt_dev_era2:
 1.57326549281 1.31798521439 2.11679327956 0.810985077889 0.0785240951011 -0.0138896835308 -0.0810299288648 0.164284329833 0.192485677032 0.0493836224914 -0.190052444927 0.244065503936 0.623889199552 -0.141876752329 0.202073706057 -0.302827653293 -0.420165010076 -0.0762750495547 -0.609337770846 -0.625263600619 -0.445835732172 -0.703230621343 -0.732453621249 -0.655019028779 -0.664303066903 -0.656753509280 -0.583070658194 -0.472351066681
# discard_mult:
1.00000000000
# Fem_F_prop_constant:
0.500000050000
# log_avg_sel50_mn:
4.66737562242
# log_sel50_dev_mn:
 0.00000000000 0.00000000000 0.00000000000 0.00000000000 0.00000000000 0.00000000000 0.00000000000 0.00000000000 0.00000000000 0.00000000000 0.00000000000 0.00000000000 0.00000000000 0.00000000000 0.00000000000 0.00000000000 0.00000000000 0.00000000000 0.00000000000 0.00000000000 0.00000000000 0.00000000000 0.00000000000 0.00000000000 0.00000000000 0.00000000000 0.00000000000 0.00000000000 0.00000000000 0.00000000000 0.00000000000 0.00000000000 0.00000000000 0.00000000000 0.00000000000 0.00000000000 0.00000000000 0.00000000000 0.00000000000
# log_avg_sel50_mo:
4.50000000000
# log_sel50_dev_mo:
 0.00000000000 0.00000000000 0.00000000000 0.00000000000 0.00000000000 0.00000000000 0.00000000000 0.00000000000 0.00000000000 0.00000000000 0.00000000000 0.00000000000 0.00000000000 0.00000000000 0.00000000000 0.00000000000 0.00000000000 0.00000000000 0.00000000000 0.00000000000 0.00000000000 0.00000000000 0.00000000000 0.00000000000 0.00000000000 0.00000000000 0.00000000000 0.00000000000 0.00000000000 0.00000000000 0.00000000000 0.00000000000 0.00000000000 0.00000000000 0.00000000000 0.00000000000 0.00000000000 0.00000000000 0.00000000000
# fish_slope_mn:
0.205041801854
# fish_slope_mo:
0.450000000000
# fish_fit_slope_mn:
0.423227899417
# fish_fit_sel50_mn:
95.5747629685
# fish_fit_slope_mo:
0.275000000000
# fish_fit_sel50_mo:
100.000000000
# fish_slope_mo2:
1.95000000000
# fish_sel50_mo2:
159.500000000
# fish_slope_mn2:
1.00500000000
# fish_sel50_mn2:
130.000000000
# fish_disc_slope_f:
0.303244814694
# fish_disc_sel50_f:
4.18803028196
# log_dev_50f:
 0.00000000000 0.00000000000 0.00000000000 0.00000000000 0.00000000000 0.00000000000 0.00000000000 0.00000000000 0.00000000000 0.00000000000 0.00000000000 0.00000000000 0.00000000000 0.00000000000 0.00000000000 0.00000000000 0.00000000000 0.00000000000 0.00000000000 0.00000000000 0.00000000000 0.00000000000 0.00000000000 0.00000000000 0.00000000000
# fish_disc_slope_tf:
0.0785374673464
# fish_disc_sel50_tf:
119.998986554
# srv1_q:
0.625613107797
# srv1_q_f:
0.577333297245
# srv1_sel95:
63.7931648411
# srv1_sel50:
36.5119281951
# srv2_q:
0.345773198779
# srv2_q_f:
0.876424100235
# srv2_sel95:
64.8601157259
# srv2_sel50:
45.1538154990
# srv3_q:
0.456267609231
# srv3_sel95:
71.6541299684
# srv3_sel50:
46.0555626715
# srv3_q_f:
0.999999971291
# srv3_sel95_f:
54.3454789028
# srv3_sel50_f:
41.8786805567
# srvind_q:
0.999995042694
# srvind_q_f:
0.164673795198
# srvind_sel95_f:
55.9023741212
# srvind_sel50_f:
50.6437841864
# srv10ind_q:
0.560223084836
# srv10ind_q_f:
0.918524018353
# srv10ind_sel95_f:
26.4042645794
# srv10ind_sel50_f:
24.1180932646
# selsmo10ind:
 19.9525262392 19.9545627862 19.9565900567 19.9586584297 19.9607470928 19.9628711843 19.9650371383 19.9672253155 19.9694455452 19.9716926014 19.9739380305 19.9761733135 19.9783517564 19.9804806680 19.9825227753 19.9845007093 19.9864433276 19.9883249406 19.9900856761 19.9917057618 19.9932079971 19.9946744166
# selsmo09ind:
 -10.7850121770 -9.55324740854 -8.32181128892 -7.09380790103 -5.88073116210 -4.71562877884 -3.65940010009 -2.80869899508 -2.22498956842 -1.84334443422 -1.59795309701 -1.39130706699 -1.17847623036 -1.02744714327 -1.04068166727 -1.18138451097 -1.31611756235 -1.34362022395 -1.22934975455 -1.00658964440 -0.738193209976 -0.456850980610
# Mmult_imat:
0.978509802200
# Mmult:
1.03009854620
# Mmultf:
1.09540996845
# m_dev_m:
 1.07838347769 0.907482992142 0.677179023398 0.332350959805 0.0973085194984 0.116301480081 0.347348516670 0.704406754360 1.10100510570 1.41930416215 1.47533833738 1.26808254905 1.39317138425 1.61042457006 1.75626777935 1.15412440937 0.984331911635 0.924142383633 1.02562361938 1.20385878705 1.23446262373 1.09307836556 0.948775313332 0.905684647372 0.868094132323 0.777750105574 0.538128837285 0.0864760444883 -0.504305535708 -1.13431403459 -1.72817169914 -2.23075132400 -2.60877166925 -2.85126440981 -2.97009058747 -3.00030446463 -3.00030442946 -3.00030432524 -3.00030431303
# m_dev_f:
 0.980665501339 1.44216103249 1.73970573474 1.66660960169 1.36594636485 1.00884276964 0.740005477559 0.675185086640 0.780401496956 0.973795740033 1.13422989098 1.17474924855 1.07898118851 0.919670413232 0.765999461665 0.714497221243 0.749092501181 0.829420154080 0.987213651908 1.17678673679 1.38029911375 1.59854747689 1.75069235136 1.71063065931 1.40570741273 0.875851508970 0.203002967550 -0.541330299184 -1.27277874987 -1.91200953208 -2.41164726618 -2.75139927158 -2.93693680765 -3.00043139925 -3.00043158345 -3.00043146656 -3.00043146777 -3.00043146910 -3.00043145195
# cpueq:
0.000707456880497
# proprecn:
1.00000000000
