# Number of parameters = 505 Objective function value = -513.850141143069  Maximum gradient component = 4.99388381883314
# af:
-1.15390000000
# am:
2.04920000000
# bf:
1.33890000000
# bm:
1.22580000000
# bf1:
1.15108525751
# deltaf:
120.000000000
# st_gr:
0.500000000000
# growth_beta:
 0.750000000000 0.750000000000
# matest50f:
45.0000000000
# matestslpf:
0.275000000000
# matest50m:
85.0000000000
# matestslpm:
0.260000000000
# mateste:
 -4.05382803522 -3.62098034008 -3.18813270656 -2.75572527905 -2.32901445492 -1.93381799417 -1.60034156412 -1.34092709877 -1.16711194336 -1.03493199543 -0.942736419481 -0.927582612071 -0.891012840836 -0.725101194665 -0.425418794639 -0.116043861635 -3.19013349070e-09
# matestfe:
 -3.62702328607 -2.79797749600 -1.96891000911 -1.14480791903 -0.399246974197 -0.0751481978080 -0.0912350924472 -0.0368955105729
# moltp_af:
2.00000000000
# moltp_bf:
150.000000000
# moltp_am:
1.52000000000
# moltp_bm:
215.000000000
# moltp_ammat:
0.0500000000000
# moltp_bmmat:
105.000000000
# mean_log_rec_f:
14.5176465357
# mean_log_rec_m:
14.3851928083
# rec_devf:
 -1.10760010454 -1.14475390996 0.0386611274700 1.63978333343 0.817358092856 0.0374041421423 -0.609451653204 0.233008504494 0.383168477151 1.03871635326 1.37059976912 1.49648618890 0.00847408220997 -0.338431911983 -0.373096293687 -0.0563330493534 0.126614184840 -0.476104893617 -0.539200463107 -0.985647873461 -0.415724013760 0.584849390047 0.418892579382 -0.374835882129 -1.04511568255 -1.26454675632 0.541190091490 -0.105887460301 -0.427933704440 0.0318043621876 0.636807057821 1.05457008220 -0.320355055789 -0.293096794642 -0.260411551508 -0.203864331365 -0.113392056333 -0.00259342253470 -1.09544101691e-05
# rec_devm:
 -0.113085292111 0.133751238140 0.335538022950 1.37837275033 -0.218093956996 1.73541049337 -0.624849024045 0.0443154731255 0.973522980739 2.88867370133 0.0632043968987 1.53236798729 -0.381174868832 -1.00220855812 -0.762797415484 0.868845942272 0.177165193992 -0.876935855433 -0.971052882315 0.0927594159108 0.584467706501 0.407244363666 0.202958317691 -0.907050704804 -1.86418373183 -1.71855800138 -0.366124131779 -0.232025841442 0.0239252430144 -0.255910909775 0.0132001699787 -0.200508664827 -0.423170666248 -0.344514209884 -0.151921375585 -0.0339068664114 -0.00644810068439 -0.00119538795477 -6.95127267159e-06
# alpha1_rec:
11.5000000000
# beta_rec:
4.00000000000
# mnatlen_styr:
 11.8166403837 11.8701349206 12.0800234234 12.4049245973 12.6755716654 12.6417102213 12.5158083443 12.3897861187 12.2723775322 12.0593096415 11.7655544064 11.6378089776 11.4877386918 10.6427778284 9.37433606454 8.32408194258 7.52178746912 6.92760159278 6.48077963264 6.14101168924 5.90282158534 5.78033527494
 1.69335379338 3.11055763838 4.52775864104 5.94492685841 7.36158242518 8.76990368762 10.0396079237 11.0595572047 11.7796155423 12.2208365066 12.4385379879 12.4966645692 12.4509498530 12.3067378886 12.0177831777 11.5356994530 10.7950789309 9.86106717682 8.81043176607 7.69910472892 6.56360884528 5.42246311884
# fnatlen_styr:
 11.4236824936 11.5800568439 11.9616867233 12.5646995640 13.9060027984 14.6716524499 14.0606992666 13.0982638027 12.1058468046 11.0378535180 10.3871506386 10.1001619441
 -6.03515449638 -6.03515786566 -6.03514461004 -6.03512383009 -6.03512420030 -6.03514766832 -6.03517401016 -6.03517375560 -6.03516736049 -6.03515402723 -6.03513848570 -6.03512651499
# log_avg_fmort:
-0.251931935269
# fmort_dev:
 -0.636884081490 -1.32956346240 -0.728777388812 -0.250395272609 0.111889570728 0.836059991920 1.06262184393 0.806847867978 1.51544537000 1.67465037429 1.01640999857 0.247297431567 -0.0946810545459 -0.390145538327 -0.375687366991 -0.224043928281 -0.143377656567 -1.52715792924 -1.09740653351 0.0688773816220 -0.401040971230 -1.08672009777 -1.00490507702 -0.212427805059 -0.218669342283 -0.0100446207648 -0.378062441679 -0.759495070441 -0.645734428328 0.193761311968 0.396803328633 0.195447987508 0.0179433804097 0.619118899865 0.613297710323 0.482532663629 0.624391626088 1.03182332833
# log_avg_fmortdf:
-7.25775586584
# fmortdf_dev:
 -0.0829232973713 -0.0922112257474 -0.0725111219194 -0.0767470989921 -0.0615863177125 0.00799687117586 0.00116929623618 0.0733651095743 0.110460006252 0.174082090867 0.987247814446 0.388949953892 0.0717776470311 -0.368917342910 0.0751857845790 -0.321543297693 -0.190028279676 -0.144515392765 -0.113212637060 -0.0967534101950 -0.0820819094252 -0.0835629941174 -0.0828516573184 -0.0842887317957 -0.0928666291286 -0.0750673387530 -0.0799056182678 -0.0820446916456 -0.109176605257 1.74138520025 -0.0802553713028 0.191673842347 1.06920975770 -0.0264107411490 -0.521787637587 -0.585939777623 -0.615654601614 -0.669659647318
# log_avg_fmortt:
-5.06594328598
# fmortt_dev_era1:
 0.254989583205 0.234464609361 0.135640276011 0.0542274432666 -0.397799653856 -0.359541860016 -0.408959316917 -0.442286786707 0.0877887462686 0.841476959385
# fmortt_dev_era2:
 1.33071252974 0.970489140659 1.68059199936 0.408401602228 -0.216401042115 -0.327830131338 -0.360521205074 -0.0370819793429 0.190021785523 0.0861074242991 -0.152307938475 0.281489943177 0.676180243965 -0.0994519288439 0.235885308123 -0.253517286786 -0.316996425994 0.110152796797 -0.404337224244 -0.316337084560 -0.104330067355 -0.269400623910 -0.375425545074 -0.525901538236 -0.633374704759 -0.674679179378 -0.465572162463 -0.436566705925
# discard_mult:
1.00000000000
# Fem_F_prop_constant:
0.500000050000
# log_avg_sel50_mn:
4.66598537967
# log_sel50_dev_mn:
 0.00000000000 0.00000000000 0.00000000000 0.00000000000 0.00000000000 0.00000000000 0.00000000000 0.00000000000 0.00000000000 0.00000000000 0.00000000000 0.00000000000 0.00000000000 0.00000000000 0.00000000000 0.00000000000 0.00000000000 0.00000000000 0.00000000000 0.00000000000 0.00000000000 0.00000000000 0.00000000000 0.00000000000 0.00000000000 0.00000000000 0.00000000000 0.00000000000 0.00000000000 0.00000000000 0.00000000000 0.00000000000 0.00000000000 0.00000000000 0.00000000000 0.00000000000 0.00000000000 0.00000000000 0.00000000000
# log_avg_sel50_mo:
4.50000000000
# log_sel50_dev_mo:
 0.00000000000 0.00000000000 0.00000000000 0.00000000000 0.00000000000 0.00000000000 0.00000000000 0.00000000000 0.00000000000 0.00000000000 0.00000000000 0.00000000000 0.00000000000 0.00000000000 0.00000000000 0.00000000000 0.00000000000 0.00000000000 0.00000000000 0.00000000000 0.00000000000 0.00000000000 0.00000000000 0.00000000000 0.00000000000 0.00000000000 0.00000000000 0.00000000000 0.00000000000 0.00000000000 0.00000000000 0.00000000000 0.00000000000 0.00000000000 0.00000000000 0.00000000000 0.00000000000 0.00000000000 0.00000000000
# fish_slope_mn:
0.216474924526
# fish_slope_mo:
0.450000000000
# fish_fit_slope_mn:
0.427633783361
# fish_fit_sel50_mn:
96.1027149457
# fish_fit_slope_mo:
0.275000000000
# fish_fit_sel50_mo:
100.000000000
# fish_slope_mo2:
1.95000000000
# fish_sel50_mo2:
159.500000000
# fish_slope_mn2:
1.00500000000
# fish_sel50_mn2:
130.000000000
# fish_disc_slope_f:
0.277454693431
# fish_disc_sel50_f:
4.21450675642
# log_dev_50f:
 0.00000000000 0.00000000000 0.00000000000 0.00000000000 0.00000000000 0.00000000000 0.00000000000 0.00000000000 0.00000000000 0.00000000000 0.00000000000 0.00000000000 0.00000000000 0.00000000000 0.00000000000 0.00000000000 0.00000000000 0.00000000000 0.00000000000 0.00000000000 0.00000000000 0.00000000000 0.00000000000 0.00000000000 0.00000000000
# fish_disc_slope_tf:
0.0884823318659
# fish_disc_sel50_tf:
115.067153567
# srv1_q:
0.625613107797
# srv1_q_f:
0.577333297245
# srv1_sel95:
63.7931648411
# srv1_sel50:
36.5119281951
# srv2_q:
0.355121971084
# srv2_q_f:
0.433633963234
# srv2_sel95:
61.8104906528
# srv2_sel50:
43.1935725836
# srv3_q:
 0.517927547156 0.469708630347 0.476431880939 0.446242518502 0.298640775836 0.240178132178 0.200000127860 0.200000115384 0.222030351229 0.294529152099 0.271341486609 0.212353893821 0.348880194895 0.521560625071 0.418560244192 0.354818689984 0.412076106075 0.529353503926 0.487359190189 0.468208340395 0.464279263313 0.527461256092 0.653689126222 0.741423435617 0.612348665186 0.441536354803 0.452703851331 0.463875381339 0.475058661718 0.486244597575 0.497431518101 0.508621360762 0.519817231503
# srv3_sel95:
72.4154422833
# srv3_sel50:
46.3899142880
# srv3_q_f:
 0.549039254925 0.999999657112 0.976506706305 0.999999556178 0.708584032753 0.453100800854 0.308122970747 0.279695747768 0.200000147609 0.261953501511 0.299093842517 0.200000128040 0.667690795325 0.611869884384 0.439747665714 0.695821039888 0.944770427946 0.699147065264 0.469840252342 0.553701831465 0.640569625727 0.831890933929 0.638178124624 0.923172609052 0.733729160428 0.518802942369 0.333216486561 0.663031737004 0.321803614050 0.421145315997 0.568501814265 0.791538823903 0.604069389656
# srv3_sel95_f:
53.2227903443
# srv3_sel50_f:
41.0144757506
# srvind_q:
0.999995592916
# srvind_q_f:
0.149432865495
# srvind_sel95_f:
55.4150694580
# srvind_sel50_f:
50.3544655361
# srv10ind_q:
0.784978797684
# srv10ind_q_f:
0.999998877257
# srv10ind_sel95_f:
26.4042645794
# srv10ind_sel50_f:
24.1180932646
# selsmo10ind:
 14.4941668102 14.7342312475 14.9743026582 15.2143707092 15.4544294953 15.6944831297 15.9345332254 16.1745908354 16.4146174821 16.6546472815 16.8946772911 17.1347081159 17.3747527021 17.6148142410 17.8548675715 18.0949085210 18.3349332420 18.5749550325 18.8149574681 19.0549139635 19.2947719211 19.5343827824
# selsmo09ind:
 -9.18574323040 -8.11846472336 -7.05172697304 -5.98991533481 -4.94723870745 -3.95938349100 -3.08544323754 -2.40960587780 -1.98073800884 -1.72413988409 -1.56247064863 -1.39334621881 -1.17394135939 -0.983543251572 -0.946386340997 -1.05052664122 -1.17496261556 -1.21405518307 -1.12626740943 -0.938558017108 -0.708485291993 -0.465885997320
# Mmult_imat:
1.04644427713
# Mmult:
1.05544588019
# Mmultf:
1.12696692273
# m_dev_m:
 1.08788000902 0.747373021585 0.340025467749 -0.167915725311 -0.568266882986 -0.722213990037 -0.627807425687 -0.331382597765 0.0802502756430 0.492468398843 0.777295214579 0.894075826093 1.25889472881 1.68941951249 1.94282254275 1.41316221491 1.34142043352 1.40787714723 1.54907028091 1.62185466235 1.52065742667 1.32254132315 1.14448530767 1.04515851895 1.00037100489 1.01038144634 0.977892865676 0.720783652052 0.225188339773 -0.402668695079 -1.09029313012 -1.75368691579 -2.31092803872 -2.70703360756 -2.92714965299 -3.00050072714 -3.00050080859 -3.00050074371 -3.00050068014
# m_dev_f:
 0.909284851842 1.41101786835 1.74124399059 1.70342711417 1.43881375941 1.09930432707 0.795716111901 0.584640630146 0.442622688301 0.352998030680 0.294997033779 0.260495370215 0.256083590550 0.309208009727 0.439256219218 0.633162885451 0.833378087541 1.00414330170 1.15516681880 1.29290905649 1.43327098664 1.56021083623 1.64618926459 1.63921817573 1.49560379768 1.18522490560 0.718903347807 0.109866903174 -0.569683009085 -1.25148496234 -1.87360448938 -2.38026148765 -2.73577402126 -2.93317681578 -3.00047454339 -3.00047473243 -3.00047461430 -3.00047463554 -3.00047465222
# cpueq:
0.000770581416785
# proprecn:
1.00000000000
