# Number of parameters = 362 Objective function value = -3632.91183533396  Maximum gradient component = 0.941291629748882
# af:
-1.15390000000
# am:
2.04920000000
# bf:
1.33890000000
# bm:
1.22580000000
# bf1:
1.15108525751
# deltaf:
120.000000000
# st_gr:
0.500000000000
# growth_beta:
 0.750000000000 0.750000000000
# matest50f:
45.0000000000
# matestslpf:
0.275000000000
# matest50m:
85.0000000000
# matestslpm:
0.260000000000
# mateste:
 -4.68455233993 -4.24488690144 -3.80522200906 -3.36581019271 -2.93181305979 -2.52880646173 -2.18787538996 -1.92831979899 -1.77501649614 -1.68413832711 -1.62438340251 -1.59872280228 -1.51052276196 -1.22184992670 -0.718803413651 -0.191002502342 -1.44049305817e-09
# matestfe:
 -4.09131693312 -3.17731372936 -2.26330608760 -1.35541511189 -0.523971831311 -0.0904538893713 -0.0721473714534 -0.0306259850874
# moltp_af:
2.00000000000
# moltp_bf:
150.000000000
# moltp_am:
1.52000000000
# moltp_bm:
215.000000000
# moltp_ammat:
0.0500000000000
# moltp_bmmat:
105.000000000
# mean_log_rec_f:
13.3135771038
# mean_log_rec_m:
13.3263517212
# rec_devf:
 -1.42034979142 -0.672440566073 0.300956160283 1.99763406402 1.01944517842 0.469556985251 -0.269791117036 0.429594748632 0.410439097016 0.813566422308 0.891649113169 0.624773908669 -0.671352190652 -0.957746717750 -0.974652791575 -0.688779103704 -0.294203779343 -0.849223958770 -1.02577337852 -1.03629258154 -0.147371466553 0.678445750231 0.0100461870998 -0.101778468483 -0.514269641035 -0.506336250741 1.61598141026 0.722914799995 0.162442300083 0.181471895881 0.0833017618719 -0.0429703977862 -0.0695190024788 -0.0612171976357 -0.0514863579375 -0.0376981647529 -0.0180349757499 -0.000933765444132 1.88178469479e-06
# rec_devm:
 1.02065297023 0.918333060480 1.09828109792 1.56053303528 1.02893580936 1.68108939651 -1.61012339621 -1.06546979491 -0.740072384956 2.23928229974 0.117309506456 -0.591800800208 -1.29073783362 -1.72889105686 -1.40907392823 0.277165012146 -0.0646859415785 -1.06455605527 -1.00964125604 -0.0654570628500 0.709483170368 0.630998289760 0.334400475414 -0.301000803974 -0.902831895382 -0.0378960183408 1.12157538023 -0.00766958106779 -0.145772343613 -0.134465436869 -0.108153189875 -0.113453383934 -0.151994228232 -0.125568860390 -0.0523903541032 -0.0126953604872 -0.00292788442441 -0.000712413839000 1.76136657282e-06
# alpha1_rec:
11.5000000000
# beta_rec:
4.00000000000
# mnatlen_styr:
 11.3666739315 11.4537146101 11.6561440272 11.9271504350 12.1144782815 12.0435034309 11.8678153443 11.6636442184 11.5997433230 11.4448832732 11.0910536272 11.0042534847 11.1079488443 10.4083364378 9.13045652502 8.07059713236 7.26756814370 6.68242780999 6.25381622780 5.94080261476 5.72913353922 5.62195832152
 2.00038264188 3.36140285117 4.72241853459 6.08337084942 7.44347899858 8.79223537093 9.97723200085 10.8802920992 11.4682680151 11.7913968952 11.9207905121 11.9214668622 11.8497165052 11.7162784169 11.4902765579 11.1460207975 10.5573149077 9.73576838159 8.75201723174 7.67941505931 6.57043428655 5.45273570607
# fnatlen_styr:
 9.62101578428 9.73605943297 10.1208268840 10.8904846991 12.5089536468 13.4254199716 12.8398103080 11.8428177451 10.8211290581 9.70308151905 9.01951129300 8.71702577662
 -8.53852901091 -8.53842643407 -8.53842764948 -8.53843499909 -8.53845614277 -8.53842277304 -8.53835727016 -8.53831340883 -8.53828440488 -8.53827545980 -8.53825808818 -8.53829788971
# log_avg_fmort:
-0.332714190402
# fmort_dev:
 -0.710985810218 -1.25558971277 -0.556996728447 -0.0148567556391 0.408222589542 0.948146507044 0.807553369710 0.569002918543 1.42300307002 1.73049943390 1.31068366499 0.727976050913 0.412867640707 0.258979073539 -0.105352735571 0.279676347788 0.420814310082 -0.879118085599 -0.853073530149 -0.272374075631 -0.465856135883 -0.942961344030 -0.977384333266 -0.398991165768 -0.363575495949 -0.0738072407507 -0.482139641844 -0.878792970984 -0.731900992033 -0.00702223993493 0.212059855022 0.301017871378 0.337621477433 0.283643127556 0.0240155213993 -0.836160863976 -0.232890150475 0.584047179351
# log_avg_fmortdf:
-5.97601411657
# fmortdf_dev:
 -0.0376641151943 -0.130664617103 -0.0672983654998 -0.0429247606032 0.0136308757935 -0.106354739672 -0.263799252362 -0.216950399113 -0.120614432122 0.0173915675865 0.649227341043 0.269686197910 0.0337834640594 -0.307417589737 0.176107458265 -0.248937023540 -0.161043755328 -0.145016589012 -0.119338853181 -0.101356111673 -0.0662709432341 -0.0666030381472 -0.0695906174017 -0.110302153421 -0.159460074328 -0.118450627818 -0.117052957070 -0.102203781445 -0.234836815797 1.07639843201 -0.220728410519 0.127565723107 1.14187096108 0.254348559738 -0.130344088009 -0.111074548170 -0.0875132871844 -0.0961986339088
# log_avg_fmortt:
-5.01007837687
# fmortt_dev_era1:
 0.245599136561 0.195033670448 0.127537187216 0.0902684388235 -0.295819901303 -0.313770126467 -0.426257001423 -0.459558166469 0.0362574298008 0.800709332812
# fmortt_dev_era2:
 1.37097481019 1.15719767777 2.03271181872 0.823583352467 -0.110335137721 -0.155112545096 -0.194244852714 0.118238840764 0.126839215501 -0.0229000752879 -0.262435522017 0.185241514163 0.527600250201 -0.239571935201 0.100240574977 -0.393296615228 -0.488431004825 -0.0971130443162 -0.574816688681 -0.496192484886 -0.349184617734 -0.549848372736 -0.548678708076 -0.474612945284 -0.483241997607 -0.483262299607 -0.270765391357 -0.248583816378
# discard_mult:
1.00000000000
# Fem_F_prop_constant:
0.500000050000
# log_avg_sel50_mn:
4.66343197709
# log_sel50_dev_mn:
 0.00000000000 0.00000000000 0.00000000000 0.00000000000 0.00000000000 0.00000000000 0.00000000000 0.00000000000 0.00000000000 0.00000000000 0.00000000000 0.00000000000 0.00000000000 0.00000000000 0.00000000000 0.00000000000 0.00000000000 0.00000000000 0.00000000000 0.00000000000 0.00000000000 0.00000000000 0.00000000000 0.00000000000 0.00000000000 0.00000000000 0.00000000000 0.00000000000 0.00000000000 0.00000000000 0.00000000000 0.00000000000 0.00000000000 0.00000000000 0.00000000000 0.00000000000 0.00000000000 0.00000000000 0.00000000000
# log_avg_sel50_mo:
4.50000000000
# log_sel50_dev_mo:
 0.00000000000 0.00000000000 0.00000000000 0.00000000000 0.00000000000 0.00000000000 0.00000000000 0.00000000000 0.00000000000 0.00000000000 0.00000000000 0.00000000000 0.00000000000 0.00000000000 0.00000000000 0.00000000000 0.00000000000 0.00000000000 0.00000000000 0.00000000000 0.00000000000 0.00000000000 0.00000000000 0.00000000000 0.00000000000 0.00000000000 0.00000000000 0.00000000000 0.00000000000 0.00000000000 0.00000000000 0.00000000000 0.00000000000 0.00000000000 0.00000000000 0.00000000000 0.00000000000 0.00000000000 0.00000000000
# fish_slope_mn:
0.179982689763
# fish_slope_mo:
0.450000000000
# fish_fit_slope_mn:
0.472006931243
# fish_fit_sel50_mn:
95.7275080247
# fish_fit_slope_mo:
0.275000000000
# fish_fit_sel50_mo:
100.000000000
# fish_slope_mo2:
1.95000000000
# fish_sel50_mo2:
159.500000000
# fish_slope_mn2:
1.00500000000
# fish_sel50_mn2:
130.000000000
# fish_disc_slope_f:
0.271831366494
# fish_disc_sel50_f:
4.21036847746
# log_dev_50f:
 0.00000000000 0.00000000000 0.00000000000 0.00000000000 0.00000000000 0.00000000000 0.00000000000 0.00000000000 0.00000000000 0.00000000000 0.00000000000 0.00000000000 0.00000000000 0.00000000000 0.00000000000 0.00000000000 0.00000000000 0.00000000000 0.00000000000 0.00000000000 0.00000000000 0.00000000000 0.00000000000 0.00000000000 0.00000000000
# fish_disc_slope_tf:
0.0744875016250
# fish_disc_sel50_tf:
113.483162400
# srv1_q:
0.625613107797
# srv1_q_f:
0.577333297245
# srv1_sel95:
63.7931648411
# srv1_sel50:
36.5119281951
# srv2_q:
0.460254440770
# srv2_q_f:
0.779650597355
# srv2_sel95:
58.0043245883
# srv2_sel50:
40.1971542519
# srv3_q:
0.701199755723
# srv3_sel95:
57.6534367238
# srv3_sel50:
39.5874976779
# srv3_q_f:
0.999999971291
# srv3_sel95_f:
49.7389771501
# srv3_sel50_f:
37.8655440240
# srvind_q:
0.999996245497
# srvind_q_f:
0.163526285030
# srvind_sel95_f:
55.8386477009
# srvind_sel50_f:
50.6005058333
# srv10ind_q:
0.797785556561
# srv10ind_q_f:
0.999999818217
# srv10ind_sel95_f:
26.4042645794
# srv10ind_sel50_f:
24.1180932646
# selsmo10ind:
 15.8113511287 15.6310501984 15.4506989017 15.2703887869 15.0901860222 14.9100792745 14.7302454737 14.5508368576 14.3715623190 14.1921961666 14.0129971833 13.8338770303 13.6551043947 13.4760808230 13.2972230503 13.1183951171 12.9397437630 12.7612442562 12.5828797161 12.4050231335 12.2275365674 12.0504169277
# selsmo09ind:
 -10.3674979678 -9.14558175319 -7.92394886760 -6.70535451625 -5.50039446266 -4.34065870498 -3.28521705165 -2.42792932081 -1.82943461259 -1.42996811120 -1.17071409842 -0.963397417775 -0.773192263114 -0.674323083205 -0.764754512982 -0.995092129343 -1.21371115713 -1.31898363982 -1.28489133406 -1.14671730938 -0.964678417910 -0.769219759131
# Mmult_imat:
1.09025391282
# Mmult:
1.08489437376
# Mmultf:
1.34115957542
# cpueq:
0.000980412447855
# proprecn:
1.00000000000
