# Number of parameters = 362 Objective function value = 2315.75391171604  Maximum gradient component = 0.000936723190048115
# af:
-1.15390000000
# am:
2.04920000000
# bf:
1.33890000000
# bm:
1.22580000000
# bf1:
1.15108525751
# deltaf:
120.000000000
# st_gr:
0.500000000000
# growth_beta:
 0.750000000000 0.750000000000
# matest50f:
45.0000000000
# matestslpf:
0.275000000000
# matest50m:
85.0000000000
# matestslpm:
0.260000000000
# mateste:
 -4.85899454428 -4.37646218990 -3.89393003120 -3.41216078800 -2.93965988744 -2.50543762755 -2.14193339846 -1.86844553463 -1.70988025119 -1.62007932820 -1.57127853665 -1.57898640473 -1.54807550256 -1.32337031965 -0.857435291045 -0.293403326581 -1.55306167926e-09
# matestfe:
 -4.43502632427 -3.44301543621 -2.45100070039 -1.46632621429 -0.573964217044 -0.121176674844 -0.0975540937298 -0.0339234044781
# moltp_af:
2.00000000000
# moltp_bf:
150.000000000
# moltp_am:
1.52000000000
# moltp_bm:
215.000000000
# moltp_ammat:
0.0500000000000
# moltp_bmmat:
105.000000000
# mean_log_rec_f:
13.4099640952
# mean_log_rec_m:
13.2950863185
# rec_devf:
 -1.45192573246 -0.686777212349 0.308391403637 2.03353396863 1.05581986494 0.405770727794 -0.271815056620 0.411678035649 0.361774188769 0.794095167522 0.853824151494 0.598462591330 -0.684469488934 -0.947982884032 -0.957034258214 -0.697546759701 -0.285770166307 -0.876096095395 -1.05293146621 -1.05915240294 -0.177761468154 0.657342706240 -0.0921942390685 -0.151575524175 -0.745710088256 -0.676037492764 1.36700310567 0.216112853708 -0.242501774651 -0.151568430648 -0.0448895398507 -0.310859354978 0.498560737018 1.37021703546 0.757037528082 -0.0822367879728 -0.0410018977760 -0.00178702852421 1.08404337819e-06
# rec_devm:
 1.09279975719 0.874758623398 1.17960466143 1.66221726695 1.36916879513 1.67896585300 -1.54023727342 -0.823727806529 -0.661482110452 2.26231867900 0.154778448587 -0.619202960955 -1.32686404694 -1.76830988612 -1.44490054467 0.234181574785 -0.0739634508233 -1.08636228285 -1.03281317528 -0.0215143622260 0.712554801252 0.556424842751 0.540659657400 -0.221784284958 -1.36621367652 -1.25058104754 0.358516718103 -0.703650146580 -0.868540826061 -0.927477752705 -0.386806783383 0.450797339177 0.866270943681 1.51612483582 0.645276374346 -0.0248010478920 -0.00509433954326 -0.00109070385831 -6.62693575411e-07
# alpha1_rec:
11.5000000000
# beta_rec:
4.00000000000
# mnatlen_styr:
 11.3586697262 11.4522411875 11.6592347427 11.9257305121 12.0939061238 11.9931911627 11.7882625069 11.5570451628 11.4854228605 11.3387193828 10.9583125642 10.8371550782 10.9765323223 10.3540067211 9.08653833329 8.02230910822 7.22455406249 6.64713545705 6.22531004300 5.91727036336 5.70882729586 5.60327539839
 2.19391880773 3.49704329171 4.80016159093 6.10319801713 7.40524159223 8.69525380503 9.83073934089 10.7012579104 11.2763144338 11.6039444052 11.7530074463 11.7873942162 11.7601700538 11.6715495341 11.4657841613 11.1097647726 10.5103692066 9.69025808400 8.71355132708 7.64922813697 6.54863212694 5.43931342921
# fnatlen_styr:
 9.34717878413 9.43552633074 9.75043778653 10.3822637249 11.7013822094 12.8175150287 12.2287339574 11.2914063330 10.2616191859 9.26515956569 8.66107203560 8.38914752950
 9.66036284028 9.75740928459 10.0650440869 10.8155363912 12.1741129133 12.7757852984 12.2518917960 11.2923854737 10.3884987448 9.38727490220 8.74920930648 8.45697579438
# log_avg_fmort:
-0.132407949158
# fmort_dev:
 -0.912002941608 -1.40009856388 -0.686149828149 -0.115372202139 0.352687598771 0.952775376484 0.825473686733 0.545023239298 1.40965848915 1.64730254939 1.13503709705 0.575328752401 0.298500328027 0.127937640348 -0.267391941683 0.127586575753 0.324925706860 -0.922567858174 -0.871719798218 -0.243272445684 -0.446137235028 -0.975733359876 -1.03387827586 -0.442694286063 -0.417631727873 -0.153490323598 -0.575910259375 -1.01136904569 -0.910621231082 -0.0305107964903 0.373652384716 0.491806857428 0.922194006969 0.788702332957 0.111892350514 -0.453402837769 -0.204362200000 1.06383218539
# log_avg_fmortdf:
-5.89955745304
# fmortdf_dev:
 -0.0648758192879 -0.100807522967 -0.0484960723881 -0.0336720521036 0.0152708878010 -0.0964124768681 -0.281414096403 -0.253505678617 -0.157541371466 -0.00998306158479 0.627672005264 0.259702584191 0.0288242971103 -0.313736754202 0.165718930369 -0.261165458657 -0.171220405961 -0.153220056811 -0.126459375982 -0.109306848850 -0.0749156706950 -0.0753015180891 -0.0762211747451 -0.112684001751 -0.161988607726 -0.122203593907 -0.118651253994 -0.100886480266 -0.187000624446 1.25833338572 -0.134975666630 0.221062157330 1.35253065250 0.315988708384 -0.101234851698 -0.199585706075 -0.282420088302 -0.315217318200
# log_avg_fmortt:
-5.11548148864
# fmortt_dev_era1:
 0.225032171382 0.200103671848 0.138199687712 0.106777562429 -0.273675886141 -0.293816981380 -0.400652032903 -0.445673376112 0.00394639445951 0.739758788705
# fmortt_dev_era2:
 1.30921836240 1.12257928727 2.03378063534 0.810080089867 -0.148535465692 -0.188771065894 -0.212617777059 0.114620924990 0.0946712125732 -0.0777242441141 -0.306414467519 0.155384756065 0.530774680039 -0.282786081021 0.0586149060997 -0.428420767765 -0.518107124157 -0.126427429131 -0.630778206667 -0.516452207518 -0.259394956460 -0.357947385096 -0.325402429594 -0.292196721191 -0.343221151895 -0.411870426501 -0.313450819080 -0.489206128290
# discard_mult:
1.00000000000
# Fem_F_prop_constant:
0.500000050000
# log_avg_sel50_mn:
4.65487076055
# log_sel50_dev_mn:
 0.00000000000 0.00000000000 0.00000000000 0.00000000000 0.00000000000 0.00000000000 0.00000000000 0.00000000000 0.00000000000 0.00000000000 0.00000000000 0.00000000000 0.00000000000 0.00000000000 0.00000000000 0.00000000000 0.00000000000 0.00000000000 0.00000000000 0.00000000000 0.00000000000 0.00000000000 0.00000000000 0.00000000000 0.00000000000 0.00000000000 0.00000000000 0.00000000000 0.00000000000 0.00000000000 0.00000000000 0.00000000000 0.00000000000 0.00000000000 0.00000000000 0.00000000000 0.00000000000 0.00000000000 0.00000000000
# log_avg_sel50_mo:
4.50000000000
# log_sel50_dev_mo:
 0.00000000000 0.00000000000 0.00000000000 0.00000000000 0.00000000000 0.00000000000 0.00000000000 0.00000000000 0.00000000000 0.00000000000 0.00000000000 0.00000000000 0.00000000000 0.00000000000 0.00000000000 0.00000000000 0.00000000000 0.00000000000 0.00000000000 0.00000000000 0.00000000000 0.00000000000 0.00000000000 0.00000000000 0.00000000000 0.00000000000 0.00000000000 0.00000000000 0.00000000000 0.00000000000 0.00000000000 0.00000000000 0.00000000000 0.00000000000 0.00000000000 0.00000000000 0.00000000000 0.00000000000 0.00000000000
# fish_slope_mn:
0.192712788071
# fish_slope_mo:
0.450000000000
# fish_fit_slope_mn:
0.490823632778
# fish_fit_sel50_mn:
96.2581013684
# fish_fit_slope_mo:
0.275000000000
# fish_fit_sel50_mo:
100.000000000
# fish_slope_mo2:
1.95000000000
# fish_sel50_mo2:
159.500000000
# fish_slope_mn2:
1.00500000000
# fish_sel50_mn2:
130.000000000
# fish_disc_slope_f:
0.257478159273
# fish_disc_sel50_f:
4.23546405278
# log_dev_50f:
 0.00000000000 0.00000000000 0.00000000000 0.00000000000 0.00000000000 0.00000000000 0.00000000000 0.00000000000 0.00000000000 0.00000000000 0.00000000000 0.00000000000 0.00000000000 0.00000000000 0.00000000000 0.00000000000 0.00000000000 0.00000000000 0.00000000000 0.00000000000 0.00000000000 0.00000000000 0.00000000000 0.00000000000 0.00000000000
# fish_disc_slope_tf:
0.0838213304618
# fish_disc_sel50_tf:
107.976916255
# srv1_q:
0.625613107797
# srv1_q_f:
0.577333297245
# srv1_sel95:
63.7931648411
# srv1_sel50:
36.5119281951
# srv2_q:
0.505893263138
# srv2_q_f:
0.783142921760
# srv2_sel95:
61.1787437882
# srv2_sel50:
42.0516653517
# srv3_q:
0.805863779188
# srv3_sel95:
56.6870567782
# srv3_sel50:
37.9526334268
# srv3_q_f:
0.999999971291
# srv3_sel95_f:
48.1547737022
# srv3_sel50_f:
36.5537042758
# srvind_q:
0.999996872473
# srvind_q_f:
0.164558845344
# srvind_sel95_f:
54.8348040956
# srvind_sel50_f:
50.0364811263
# srv10ind_q:
0.910879149449
# srv10ind_q_f:
0.999999674020
# srv10ind_sel95_f:
26.4042645794
# srv10ind_sel50_f:
24.1180932646
# selsmo10ind:
 19.9846572155 19.9854651784 19.9862649109 19.9870553982 19.9878321425 19.9885927900 19.9893369672 19.9900632515 19.9907738983 19.9914709198 19.9921593935 19.9928449018 19.9935300694 19.9942134317 19.9949178606 19.9956357667 19.9963542636 19.9970734543 19.9977904224 19.9985072837 19.9992322871 19.9999656006
# selsmo09ind:
 -9.19970433044 -8.12218031994 -7.04509522826 -5.97220402191 -4.91619935641 -3.90980766085 -3.00748244128 -2.28727505951 -1.79504861400 -1.46316907288 -1.22964751211 -1.01019727632 -0.778785062973 -0.623369068515 -0.660922277174 -0.862771437731 -1.08536879989 -1.21638195843 -1.22411823157 -1.13872428880 -1.01451463569 -0.877629958719
# Mmult_imat:
1.14264254296
# Mmult:
1.07569622515
# Mmultf:
1.38910691930
# cpueq:
0.00132226490336
# proprecn:
1.00000000000
