# Number of parameters = 505 Objective function value = -4021.74159779297  Maximum gradient component = 19.7271146440477
# af:
-1.15390000000
# am:
2.04920000000
# bf:
1.33890000000
# bm:
1.22580000000
# bf1:
1.15108525751
# deltaf:
120.000000000
# st_gr:
0.500000000000
# growth_beta:
 0.750000000000 0.750000000000
# matest50f:
45.0000000000
# matestslpf:
0.275000000000
# matest50m:
85.0000000000
# matestslpm:
0.260000000000
# mateste:
 -3.75220579116 -3.35371347247 -2.95522004722 -2.55708718342 -2.16403413917 -1.80244309212 -1.50295429479 -1.27774778065 -1.13408557459 -1.03105904789 -0.969519210358 -0.955403484797 -0.877726681701 -0.667194129202 -0.357721964822 -0.0827155932139 -3.29454419301e-09
# matestfe:
 -3.35556632656 -2.59732015316 -1.83904288777 -1.08545837449 -0.397936294343 -0.0780344372170 -0.0842910176952 -0.0342162772771
# moltp_af:
2.00000000000
# moltp_bf:
150.000000000
# moltp_am:
1.52000000000
# moltp_bm:
215.000000000
# moltp_ammat:
0.0500000000000
# moltp_bmmat:
105.000000000
# mean_log_rec_f:
14.6167977970
# mean_log_rec_m:
14.6202970985
# rec_devf:
 -1.11813086356 -1.22969508983 -0.0273919565588 1.62295747170 0.988767172342 0.105816835945 -0.554993276559 0.266227656770 0.326857825512 1.01267801366 1.36210246512 1.51240687930 0.0507652455605 -0.295430585346 -0.354403867306 -0.0711451957518 0.130999156954 -0.487843063522 -0.565691420190 -1.07827915816 -0.552528446449 0.449040161109 0.287085696939 -0.251575479525 -0.748807133241 -0.902203926861 1.26504832922 0.825595475621 -0.222122282493 -0.229709425065 -0.255866423387 -0.280750944453 -0.268465264710 -0.242660758010 -0.212472106349 -0.164279997934 -0.0897646333667 -0.00212102881517 -1.60583121860e-05
# rec_devm:
 -0.0362734016964 0.218738526656 0.434860830670 1.67927359056 -0.0660083741616 1.70572883395 -0.366813201432 0.431369095746 0.783901020258 2.74031407118 0.126065494465 1.42915017956 -0.441508446523 -1.06605458468 -0.840374186234 0.644737798606 -0.0661203090152 -1.12856462923 -1.23457346313 -0.423504531936 0.215053202336 0.183513925795 -0.321869973007 -0.681589427341 -1.24533204718 -0.458247720366 0.868428116351 -0.188998484908 -0.422775647448 -0.471190175076 -0.470710781662 -0.449914711761 -0.474557291936 -0.385526863971 -0.173396813851 -0.0384942422585 -0.00736696864039 -0.00139941589744 3.10072194177e-05
# alpha1_rec:
11.5000000000
# beta_rec:
4.00000000000
# mnatlen_styr:
 12.1208559117 12.1772076203 12.3880593778 12.6991890072 12.9490810203 12.8890048867 12.7472644517 12.6360844224 12.5184446767 12.3058565927 12.0490785285 11.9262959184 11.7220645179 10.8660637170 9.61479589383 8.56927680690 7.75418396654 7.14593107610 6.68846397971 6.34126071064 6.09840538887 5.97378248681
 1.54505050724 2.99602484017 4.44699109041 5.89792450073 7.34842253587 8.79140856113 10.1000679884 11.1628829504 11.9237170369 12.3956084779 12.6288097550 12.6865560549 12.6285113812 12.4700617632 12.1802498128 11.7081670371 10.9737941625 10.0416350012 8.99155745160 7.88060093970 6.74549033687 5.60473866564
# fnatlen_styr:
 11.2331338660 11.3696077649 11.7030842355 12.2382431749 13.4287890426 14.2183890045 13.5352112870 12.5582850426 11.5396063668 10.5783180904 9.99845638453 9.73909381873
 11.0984785010 11.1786343540 11.4289136596 12.0267505052 13.1241809960 13.7850605721 13.3396718030 12.4587821301 11.6203542576 10.6794115323 10.0752323771 9.79852879259
# log_avg_fmort:
-0.788616139834
# fmort_dev:
 -0.294750150318 -0.995937664995 -0.328197790900 0.197104580448 0.583801811268 1.25578278261 1.34974543300 1.04349776835 1.67434914652 2.03680912478 1.85379007882 1.02625480607 0.602447453587 0.247078972267 0.254378408190 0.338714811618 0.408331365983 -0.984525682684 -0.516252904272 0.736462109563 0.326177974406 -0.313919364788 -0.180807653987 0.670129527339 0.577500568934 0.545975371418 -0.0948724577460 -0.643625445774 -0.673717196495 1.50108495885 -4.76711510704 -4.99781727068 1.60640452118 1.44346032054 1.48570469524 -4.82575179777 -3.96528395467 1.81758785113
# log_avg_fmortdf:
-7.69115010363
# fmortdf_dev:
 -0.0598120238138 -0.0571035528684 -0.0562309328208 -0.0595880850541 -0.0485604271215 0.0182612194805 0.0375828767179 0.109146918512 0.124651027840 0.161913359313 0.912407184023 0.402001046668 0.167514319370 -0.243355769578 0.210025264829 -0.214173537082 -0.117846587856 -0.0948419079969 -0.0774785854582 -0.0688611076673 -0.0613244009622 -0.0633394813196 -0.0631259701959 -0.0638021867590 -0.0713067052739 -0.0568729961048 -0.0662071887153 -0.0744251452274 -0.157526285873 1.25522247582 -0.248155112677 0.00129058059455 0.802013306540 -0.0537357282560 -0.476373036979 -0.514760167846 -0.540156015992 -0.593066640205
# log_avg_fmortt:
-5.07115949093
# fmortt_dev_era1:
 0.203108144553 0.184268345561 0.128540209750 0.0728414150437 -0.399994058372 -0.371316354794 -0.445191352249 -0.490994459569 0.113811939377 1.00492617070
# fmortt_dev_era2:
 1.66531221239 1.29366095742 1.94993925648 0.625889032948 -0.0272889691591 -0.173628724625 -0.229200131285 0.0720702630520 0.264417653473 0.112637746437 -0.0809349972918 0.380461931824 0.832657140246 -0.0248970482275 0.306175743727 -0.165689042097 -0.314487581166 -0.00181138483181 -0.560894516541 -0.597723889688 -0.337647711035 -0.788596105114 -1.00987803380 -0.685684317031 -0.652260043409 -0.621109398485 -0.548630745986 -0.682859298224
# discard_mult:
1.00000000000
# Fem_F_prop_constant:
0.500000050000
# log_avg_sel50_mn:
4.66725967008
# log_sel50_dev_mn:
 0.00000000000 0.00000000000 0.00000000000 0.00000000000 0.00000000000 0.00000000000 0.00000000000 0.00000000000 0.00000000000 0.00000000000 0.00000000000 0.00000000000 0.00000000000 0.00000000000 0.00000000000 0.00000000000 0.00000000000 0.00000000000 0.00000000000 0.00000000000 0.00000000000 0.00000000000 0.00000000000 0.00000000000 0.00000000000 0.00000000000 0.00000000000 0.00000000000 0.00000000000 0.00000000000 0.00000000000 0.00000000000 0.00000000000 0.00000000000 0.00000000000 0.00000000000 0.00000000000 0.00000000000 0.00000000000
# log_avg_sel50_mo:
4.50000000000
# log_sel50_dev_mo:
 0.00000000000 0.00000000000 0.00000000000 0.00000000000 0.00000000000 0.00000000000 0.00000000000 0.00000000000 0.00000000000 0.00000000000 0.00000000000 0.00000000000 0.00000000000 0.00000000000 0.00000000000 0.00000000000 0.00000000000 0.00000000000 0.00000000000 0.00000000000 0.00000000000 0.00000000000 0.00000000000 0.00000000000 0.00000000000 0.00000000000 0.00000000000 0.00000000000 0.00000000000 0.00000000000 0.00000000000 0.00000000000 0.00000000000 0.00000000000 0.00000000000 0.00000000000 0.00000000000 0.00000000000 0.00000000000
# fish_slope_mn:
0.218424631701
# fish_slope_mo:
0.450000000000
# fish_fit_slope_mn:
0.405166047481
# fish_fit_sel50_mn:
95.6739844917
# fish_fit_slope_mo:
0.275000000000
# fish_fit_sel50_mo:
100.000000000
# fish_slope_mo2:
1.95000000000
# fish_sel50_mo2:
159.500000000
# fish_slope_mn2:
1.00500000000
# fish_sel50_mn2:
130.000000000
# fish_disc_slope_f:
0.303989473854
# fish_disc_sel50_f:
4.19064247681
# log_dev_50f:
 0.00000000000 0.00000000000 0.00000000000 0.00000000000 0.00000000000 0.00000000000 0.00000000000 0.00000000000 0.00000000000 0.00000000000 0.00000000000 0.00000000000 0.00000000000 0.00000000000 0.00000000000 0.00000000000 0.00000000000 0.00000000000 0.00000000000 0.00000000000 0.00000000000 0.00000000000 0.00000000000 0.00000000000 0.00000000000
# fish_disc_slope_tf:
0.0879322863319
# fish_disc_sel50_tf:
118.113357723
# srv1_q:
0.625613107797
# srv1_q_f:
0.577333297245
# srv1_sel95:
63.7931648411
# srv1_sel50:
36.5119281951
# srv2_q:
0.292315049523
# srv2_q_f:
0.461907202765
# srv2_sel95:
64.8298286175
# srv2_sel50:
45.1385924548
# srv3_q:
 0.418938196350 0.375294811588 0.400812223944 0.420985037739 0.327190922650 0.276265049325 0.213500614730 0.200000088819 0.213943171569 0.277547408623 0.254286176264 0.200000420724 0.337460197337 0.520774569074 0.435701619278 0.390094134000 0.487254591013 0.640571753229 0.599131894260 0.529889447043 0.439276197175 0.380219497318 0.384467029470 0.388657326592 0.392778895227 0.396857434480 0.400896338254 0.404880182526 0.408837960634 0.412772277121 0.416704669190 0.420633763403 0.424568132966
# srv3_sel95:
78.3752392766
# srv3_sel50:
49.3491036720
# srv3_q_f:
 0.510424322317 0.999993956075 0.970898454910 0.999999359382 0.748271258054 0.478902036551 0.312762973411 0.274966079581 0.200000054540 0.264521319182 0.299674409560 0.200000460029 0.630502959776 0.610535377206 0.445339004346 0.713921287020 0.999997304042 0.735100728490 0.489196903183 0.500704150368 0.475306208708 0.560093004995 0.374533948579 0.640094178738 0.639851623471 0.578284530718 0.578370401901 0.578392437255 0.640589569265 0.637619680634 0.612819862777 0.561773893824 0.598264749126
# srv3_sel95_f:
53.7799389147
# srv3_sel50_f:
41.7307691653
# srvind_q:
0.999995188421
# srvind_q_f:
0.103235080826
# srvind_sel95_f:
56.3894477361
# srvind_sel50_f:
50.9882162431
# srv10ind_q:
0.442138688261
# srv10ind_q_f:
0.580105104549
# srv10ind_sel95_f:
26.4042645794
# srv10ind_sel50_f:
24.1180932646
# selsmo10ind:
 19.9993597614 19.9993895154 19.9988320085 19.9993264575 19.9994342252 19.9987217566 19.9982984640 19.9977943290 19.9984627994 19.9994604197 19.9999569078 19.9998798611 19.9984093692 19.9971604648 19.9965883254 19.9962876888 19.9965080254 19.9965136407 19.9966209263 19.9972059634 19.9987349983 19.9997330969
# selsmo09ind:
 -10.9333017534 -9.70947964653 -8.48600702724 -7.26618265924 -6.06199512892 -4.90709371936 -3.86232102606 -3.02263971656 -2.44501588384 -2.05874084699 -1.79595517632 -1.56072663193 -1.31171435600 -1.11928711522 -1.08641246323 -1.17617967200 -1.25894057493 -1.23773411625 -1.08021874674 -0.819306380086 -0.515537020821 -0.199822814225
# Mmult_imat:
1.00104507282
# Mmult:
1.03691153064
# Mmultf:
1.08997577006
# m_dev_m:
 1.10309331788 0.911639145383 0.660812323515 0.294646003278 0.0337103080625 0.0222375391867 0.231491501276 0.596691022968 1.02687714878 1.40536107336 1.56141226826 1.40987997020 1.58841253527 1.90105153044 2.06483428594 1.50923457386 1.43552464678 1.50050427222 1.65135891896 1.76442520148 1.71156593927 1.54328405594 1.34918323706 1.14784886059 0.868177779329 0.499700288098 0.00490107745972 -0.611788060365 -1.27075023225 -1.88005660839 -2.37711300370 -2.72790133443 -2.92755262893 -3.00037986169 -3.00046880305 -3.00044728691 -3.00046783146 -3.00046801349 -3.00046516019
# m_dev_f:
 0.950731159121 1.46162284655 1.82776078595 1.84727441298 1.63741036184 1.33406436188 1.04735029429 0.842810301175 0.708438214377 0.626365079759 0.565980418781 0.512451560036 0.472761137486 0.482929184802 0.576466163812 0.754695424180 0.964208181104 1.16457416653 1.35603493832 1.52951281690 1.68525426005 1.79300224153 1.80976129600 1.67180587481 1.34185158339 0.816254148016 0.150774511381 -0.586804397407 -1.30499160137 -1.93040493627 -2.41909399338 -2.75244429833 -2.93605608861 -3.00032947177 -3.00040486025 -3.00040473999 -3.00040221020 -3.00040499077 -3.00040413670
# cpueq:
0.000605429527676
# proprecn:
1.00000000000
