# Number of parameters = 362 Objective function value = -297.606286312042  Maximum gradient component = 494.057386953489
# af:
-1.15390000000
# am:
2.04920000000
# bf:
1.33890000000
# bm:
1.22580000000
# bf1:
1.15108525751
# deltaf:
120.000000000
# st_gr:
0.500000000000
# growth_beta:
 0.750000000000 0.750000000000
# matest50f:
45.0000000000
# matestslpf:
0.275000000000
# matest50m:
85.0000000000
# matestslpm:
0.260000000000
# mateste:
 -4.77439519293 -4.31046308570 -3.84653051101 -3.38308454396 -2.92657982906 -2.50453360529 -2.15025687986 -1.88413784748 -1.73262569665 -1.65033572845 -1.60360354138 -1.59953877327 -1.54349701657 -1.28686961487 -0.795249293628 -0.242323780777 -1.04265929224e-09
# matestfe:
 -4.22095552011 -3.27833855840 -2.33572154810 -1.39929431469 -0.547530393828 -0.117053685001 -0.0992137994435 -0.0432896128494
# moltp_af:
2.00000000000
# moltp_bf:
150.000000000
# moltp_am:
1.52000000000
# moltp_bm:
215.000000000
# moltp_ammat:
0.0500000000000
# moltp_bmmat:
105.000000000
# mean_log_rec_f:
13.3898915017
# mean_log_rec_m:
13.3056052277
# rec_devf:
 -1.48116471182 -0.714827062185 0.272978264016 1.97196881488 0.943602104209 0.450228970277 -0.283361751171 0.391350092727 0.345198697648 0.764398148571 0.832385412328 0.560718262516 -0.712024510434 -0.977850628178 -0.981254972841 -0.723637521188 -0.322108769328 -0.884438369544 -1.05936916974 -1.06729282391 -0.196314317834 0.649093965360 -0.0823662000171 -0.129454839896 -0.681618760110 -0.647328317896 1.48853808080 0.608694127639 0.213840627619 0.360540525899 0.697905396326 0.701940204346 -0.0927942773881 -0.0808003188219 -0.0663810861458 -0.0466412585667 -0.0213154390856 -0.00104917593507 1.25868711212e-05
# rec_devm:
 1.08073571622 0.895062334576 1.14698058625 1.57876401830 1.22069607719 1.67121966397 -1.58417729814 -0.951877963997 -0.648661891042 2.25847280096 0.0149549589826 -0.564128604613 -1.30276105605 -1.74395262743 -1.41511727052 0.278384762169 -0.0717149521361 -1.06461629773 -1.00683672631 -0.0315184034075 0.733970579216 0.582885135942 0.534085622970 -0.274624593039 -1.30221754556 -1.06945075520 0.301761646037 0.544550826141 0.434130561403 -0.0371516772476 0.149756708337 0.00110915104551 -0.157932021354 -0.129865029237 -0.0545375928519 -0.0129515398501 -0.00281886339086 -0.000594903408111 -1.35371937325e-05
# alpha1_rec:
11.5000000000
# beta_rec:
4.00000000000
# mnatlen_styr:
 11.3332107677 11.4259106472 11.6343648004 11.9075834122 12.0869389429 11.9972270648 11.8039563946 11.5850615425 11.5185106892 11.3709083104 11.0054959988 10.9029568029 11.0307879341 10.3766611030 9.10567136218 8.04401347280 7.24366083391 6.66246430471 6.23745861953 5.92731064234 5.71766455055 5.61160888246
 2.12880888911 3.45086476632 4.77290860129 6.09487488396 7.41590410423 8.72517774406 9.87750932060 10.7601641390 11.3415383293 11.6696522448 11.8130884321 11.8351850617 11.7899601062 11.6827271315 11.4706645336 11.1246421545 10.5350001774 9.71811678791 8.74100083872 7.67503372363 6.57245265103 5.46107620069
# fnatlen_styr:
 9.28782245164 9.37941232032 9.69870178611 10.3382448505 11.6723214992 12.7824180804 12.1871586585 11.2453524136 10.2249502569 9.23281963085 8.63108348720 8.36030732507
 9.58095310160 9.67788231831 9.98517407469 10.7341819494 12.0944879004 12.7183018690 12.2136902854 11.2650191843 10.3611398437 9.36011903437 8.72254404491 8.43078747502
# log_avg_fmort:
-0.414643675319
# fmort_dev:
 -0.635971614219 -1.14443456644 -0.432780985702 0.128707463222 0.575128523763 1.11794274970 0.955520864256 0.697918664166 1.55975408203 1.84035052763 1.37609641909 0.807175984326 0.504322181614 0.336287549046 -0.0354612682164 0.357414628286 0.525758998482 -0.751021055854 -0.716822450140 -0.121067222876 -0.323205896636 -0.821322371243 -0.863874989032 -0.283020416094 -0.256513089954 0.0188991030569 -0.394991012787 -0.816849487243 -0.704669535802 0.153762337086 0.468773087736 0.435668073494 0.338418524986 -4.83613299408 0.508994499691 -0.287273512979 0.00310249385976 0.715415713787
# log_avg_fmortdf:
-6.04531385088
# fmortdf_dev:
 -0.0501509018460 -0.0827632531848 -0.0347581728868 -0.0221810207231 0.0258852043723 -0.0715926187894 -0.240790787675 -0.208091088004 -0.118229962318 0.0208470422012 0.659790626697 0.282654331899 0.0488109967298 -0.294038273907 0.186301169283 -0.243901505237 -0.157552056078 -0.141498644657 -0.115438523148 -0.0985120460143 -0.0647993787236 -0.0653943280075 -0.0669405804145 -0.102890430437 -0.151929782199 -0.113038577238 -0.111671947789 -0.0949044648677 -0.198013641418 1.16322152325 -0.192179288124 0.139082312802 1.08097045265 0.162086047131 -0.234413531829 -0.201225104735 -0.151539295387 -0.141210501382
# log_avg_fmortt:
-5.14802810261
# fmortt_dev_era1:
 0.229338575433 0.203174823407 0.146109765256 0.112907563458 -0.279040893345 -0.308866333863 -0.424670316495 -0.463322057270 0.0170662543227 0.767302619096
# fmortt_dev_era2:
 1.33672183270 1.14035274572 2.02179061968 0.799837813620 -0.132006376535 -0.164811405547 -0.189956459215 0.135531793957 0.138640681429 -0.0167505555975 -0.255610926812 0.195627718614 0.541426642664 -0.236118655044 0.0997374959622 -0.397045187482 -0.494857477218 -0.115519243587 -0.600020205286 -0.483013223209 -0.230068020908 -0.360106588716 -0.416412507941 -0.486131653014 -0.678056440595 -0.562751034636 -0.317762233092 -0.272669149920
# discard_mult:
1.00000000000
# Fem_F_prop_constant:
0.500000050000
# log_avg_sel50_mn:
4.65818092643
# log_sel50_dev_mn:
 0.00000000000 0.00000000000 0.00000000000 0.00000000000 0.00000000000 0.00000000000 0.00000000000 0.00000000000 0.00000000000 0.00000000000 0.00000000000 0.00000000000 0.00000000000 0.00000000000 0.00000000000 0.00000000000 0.00000000000 0.00000000000 0.00000000000 0.00000000000 0.00000000000 0.00000000000 0.00000000000 0.00000000000 0.00000000000 0.00000000000 0.00000000000 0.00000000000 0.00000000000 0.00000000000 0.00000000000 0.00000000000 0.00000000000 0.00000000000 0.00000000000 0.00000000000 0.00000000000 0.00000000000 0.00000000000
# log_avg_sel50_mo:
4.50000000000
# log_sel50_dev_mo:
 0.00000000000 0.00000000000 0.00000000000 0.00000000000 0.00000000000 0.00000000000 0.00000000000 0.00000000000 0.00000000000 0.00000000000 0.00000000000 0.00000000000 0.00000000000 0.00000000000 0.00000000000 0.00000000000 0.00000000000 0.00000000000 0.00000000000 0.00000000000 0.00000000000 0.00000000000 0.00000000000 0.00000000000 0.00000000000 0.00000000000 0.00000000000 0.00000000000 0.00000000000 0.00000000000 0.00000000000 0.00000000000 0.00000000000 0.00000000000 0.00000000000 0.00000000000 0.00000000000 0.00000000000 0.00000000000
# fish_slope_mn:
0.185516669669
# fish_slope_mo:
0.450000000000
# fish_fit_slope_mn:
0.476544516137
# fish_fit_sel50_mn:
96.0333378327
# fish_fit_slope_mo:
0.275000000000
# fish_fit_sel50_mo:
100.000000000
# fish_slope_mo2:
1.95000000000
# fish_sel50_mo2:
159.500000000
# fish_slope_mn2:
1.00500000000
# fish_sel50_mn2:
130.000000000
# fish_disc_slope_f:
0.255913549064
# fish_disc_sel50_f:
4.22087861823
# log_dev_50f:
 0.00000000000 0.00000000000 0.00000000000 0.00000000000 0.00000000000 0.00000000000 0.00000000000 0.00000000000 0.00000000000 0.00000000000 0.00000000000 0.00000000000 0.00000000000 0.00000000000 0.00000000000 0.00000000000 0.00000000000 0.00000000000 0.00000000000 0.00000000000 0.00000000000 0.00000000000 0.00000000000 0.00000000000 0.00000000000
# fish_disc_slope_tf:
0.0791579426816
# fish_disc_sel50_tf:
108.851524579
# srv1_q:
0.625613107797
# srv1_q_f:
0.577333297245
# srv1_sel95:
63.7931648411
# srv1_sel50:
36.5119281951
# srv2_q:
0.486935173525
# srv2_q_f:
0.800801106175
# srv2_sel95:
60.4880053278
# srv2_sel50:
41.5397871432
# srv3_q:
0.738974947323
# srv3_sel95:
58.1546495520
# srv3_sel50:
39.4465877267
# srv3_q_f:
0.999999971291
# srv3_sel95_f:
49.7754346940
# srv3_sel50_f:
38.0072989835
# srvind_q:
0.999996619465
# srvind_q_f:
0.146674829978
# srvind_sel95_f:
47.5034845866
# srvind_sel50_f:
47.5010471897
# srv10ind_q:
0.843849209998
# srv10ind_q_f:
0.999999477629
# srv10ind_sel95_f:
26.4042645794
# srv10ind_sel50_f:
24.1180932646
# selsmo10ind:
 19.9945682091 19.9955891781 19.9965156105 19.9973304211 19.9980543749 19.9987085971 19.9992959067 19.9997163522 19.9999489780 19.9999709699 19.9995981042 19.9994289155 19.9991828017 19.9995572909 19.9999437508 19.9999559446 19.9999981120 19.9999984534 19.9999810168 19.9998352713 19.9997634494 19.9992431576
# selsmo09ind:
 -9.15715322054 -8.08605070836 -7.01537692341 -5.94865054371 -4.89778082800 -3.89416331271 -2.99098057921 -2.26612616659 -1.76832495066 -1.43463683346 -1.20751464468 -1.00505935824 -0.800134363089 -0.676208620577 -0.743243187701 -0.963333435266 -1.18811666961 -1.30992578492 -1.29999996556 -1.19132096604 -1.04132136505 -0.878210394836
# Mmult_imat:
1.10567415773
# Mmult:
1.08695970215
# Mmultf:
1.36399468494
# cpueq:
0.00109595356344
# proprecn:
1.00000000000
