# Number of parameters = 505 Objective function value = -2253.16399417565  Maximum gradient component = 7.53630826577042
# af:
-1.15390000000
# am:
2.04920000000
# bf:
1.33890000000
# bm:
1.22580000000
# bf1:
1.15108525751
# deltaf:
120.000000000
# st_gr:
0.500000000000
# growth_beta:
 0.750000000000 0.750000000000
# matest50f:
45.0000000000
# matestslpf:
0.275000000000
# matest50m:
85.0000000000
# matestslpm:
0.260000000000
# mateste:
 -3.89323595904 -3.48026679197 -3.06729729526 -2.65471671358 -2.24711103199 -1.86980802308 -1.55433514974 -1.31347016233 -1.15864095412 -1.04922815844 -0.977209719730 -0.960718230733 -0.905490665268 -0.722660541441 -0.413960554438 -0.109055874994 -2.61920174438e-09
# matestfe:
 -3.47821722783 -2.68226674221 -1.88628923119 -1.09524112273 -0.377280012319 -0.0662999707487 -0.0840463615585 -0.0396250387376
# moltp_af:
2.00000000000
# moltp_bf:
150.000000000
# moltp_am:
1.52000000000
# moltp_bm:
215.000000000
# moltp_ammat:
0.0500000000000
# moltp_bmmat:
105.000000000
# mean_log_rec_f:
14.6601593210
# mean_log_rec_m:
14.5993507386
# rec_devf:
 -1.09863014078 -1.17253955534 0.0105860349923 1.61612151193 0.879806848924 0.0724801646174 -0.597677874736 0.211621484333 0.311546062166 0.974581992282 1.31927744954 1.45332149015 0.0217989130094 -0.340111432600 -0.408525557755 -0.103771935398 0.0762527252622 -0.523088747505 -0.607343141733 -1.10066291558 -0.582495112155 0.408663577236 0.290368533413 -0.349988086950 -0.829398066068 -1.03467534447 1.05520294238 0.650796054639 0.300527877522 0.666684803049 -0.266449655428 -0.289137645349 -0.276118905434 -0.250208198908 -0.219809672001 -0.171206287598 -0.0953226619962 -0.00250677177263 2.92441086983e-05
# rec_devm:
 -0.219944928158 -0.000239439212518 0.227709832922 1.29499469441 -0.307719916827 1.55125968500 -0.561737835090 0.0733487610726 0.804795276077 2.71237686965 -0.0255319232496 1.36772404048 -0.431365736555 -1.08995958139 -0.844488296941 0.717739943885 0.0233670198420 -1.01466832343 -1.10132690815 -0.156182911808 0.412973250368 0.353835240088 0.0525088062298 -0.727888187174 -1.47596018411 -0.751899845352 0.913355172403 -0.197852021742 0.209398934171 0.0750722286324 -0.381307656026 -0.413130244877 -0.474007486740 -0.389027875917 -0.176577154001 -0.0404850059516 -0.00779322780239 -0.00140737002622 4.23052897496e-05
# alpha1_rec:
11.5000000000
# beta_rec:
4.00000000000
# mnatlen_styr:
 11.9125937497 11.9716997019 12.1872889041 12.5093899970 12.7709514958 12.7249124379 12.5852834953 12.4644117401 12.3535951858 12.1358283357 11.8534604424 11.7371882059 11.5781832151 10.7309874626 9.47123677691 8.42261867472 7.61555169241 7.01709954806 6.56778951882 6.22695984729 5.98853520222 5.86607573049
 1.63293863034 3.06495510083 4.49696675377 5.92895084501 7.36046547022 8.78394850916 10.0695013507 11.1052946306 11.8390514151 12.2892945569 12.5101063735 12.5660851843 12.5157154936 12.3691669930 12.0863802293 11.6145028800 10.8807781588 9.95080857232 8.90276555923 7.79332768637 6.65943387371 5.51982022173
# fnatlen_styr:
 11.5668111941 11.7270505632 12.1056226346 12.7030707425 14.0343526331 14.7871462890 14.1692479778 13.2022844944 12.2098097490 11.1396094196 10.4869764976 10.1991403018
 -9.97792287733 -9.97816972508 -9.97863411358 -9.97952338576 -9.98079018420 -9.98164244168 -9.98408718879 -9.98497709324 -9.98674353542 -9.98886780101 -9.98884221929 -9.99016280484
# log_avg_fmort:
-0.324893837008
# fmort_dev:
 -0.667543428903 -1.34449311437 -0.717163489982 -0.226498784852 0.136360720526 0.829721905374 0.998098506353 0.738883534272 1.43807268407 1.70007069805 1.20694410984 0.408358984025 0.00599597609991 -0.346850320745 -0.347335816160 -0.219727410834 -0.148233736780 -1.52797548088 -1.09414124372 0.0629287826098 -0.381303372058 -1.03794219575 -0.933422543440 -0.130203076852 -0.173947495173 -0.0878059701626 -0.628271968300 -1.14125930622 -1.14820086741 -0.589491173932 -0.899953850071 0.956921682108 0.927259278333 0.912962467981 0.870031242621 0.713747549343 0.762571116274 1.12283540873
# log_avg_fmortdf:
-7.65080886500
# fmortdf_dev:
 -0.0597208850054 -0.0676370632969 -0.0599525553492 -0.0639427455194 -0.0521603324582 0.0144784959212 0.0331271714798 0.104365335981 0.118548482621 0.155483194556 0.903685102756 0.396250253972 0.164887801186 -0.238870519879 0.216564584822 -0.211123416849 -0.119936117411 -0.0995621945675 -0.0826166832531 -0.0742218444829 -0.0662052437277 -0.0681172505261 -0.0680211402568 -0.0686327415813 -0.0756534977475 -0.0606536134649 -0.0676772337736 -0.0731294802248 -0.131674966609 1.41236233542 -0.196133639644 0.0144584931336 0.776465499049 -0.0833087978570 -0.502636821392 -0.539715385699 -0.563898404646 -0.615474175677
# log_avg_fmortt:
-5.30627034652
# fmortt_dev_era1:
 0.173809228994 0.213739216159 0.158636904951 0.0723658238174 -0.441217631661 -0.414905648031 -0.466380847197 -0.479098642554 0.167176775512 1.01587482001
# fmortt_dev_era2:
 1.58343349204 1.21452714154 1.86862971560 0.544641637192 -0.0902831078518 -0.199602398742 -0.241479318621 0.0690823047982 0.281637409750 0.163107017989 -0.0639666811705 0.386878999346 0.806348060908 -0.00300809505493 0.332400427199 -0.178408314244 -0.307011088650 0.0211513084037 -0.518447636090 -0.520813342316 -0.485962881778 -0.826707227019 -0.740534804889 -0.701007851588 -0.751284710184 -0.733645600844 -0.472543539426 -0.437130916295
# discard_mult:
1.00000000000
# Fem_F_prop_constant:
0.500000050000
# log_avg_sel50_mn:
4.66580359256
# log_sel50_dev_mn:
 0.00000000000 0.00000000000 0.00000000000 0.00000000000 0.00000000000 0.00000000000 0.00000000000 0.00000000000 0.00000000000 0.00000000000 0.00000000000 0.00000000000 0.00000000000 0.00000000000 0.00000000000 0.00000000000 0.00000000000 0.00000000000 0.00000000000 0.00000000000 0.00000000000 0.00000000000 0.00000000000 0.00000000000 0.00000000000 0.00000000000 0.00000000000 0.00000000000 0.00000000000 0.00000000000 0.00000000000 0.00000000000 0.00000000000 0.00000000000 0.00000000000 0.00000000000 0.00000000000 0.00000000000 0.00000000000
# log_avg_sel50_mo:
4.50000000000
# log_sel50_dev_mo:
 0.00000000000 0.00000000000 0.00000000000 0.00000000000 0.00000000000 0.00000000000 0.00000000000 0.00000000000 0.00000000000 0.00000000000 0.00000000000 0.00000000000 0.00000000000 0.00000000000 0.00000000000 0.00000000000 0.00000000000 0.00000000000 0.00000000000 0.00000000000 0.00000000000 0.00000000000 0.00000000000 0.00000000000 0.00000000000 0.00000000000 0.00000000000 0.00000000000 0.00000000000 0.00000000000 0.00000000000 0.00000000000 0.00000000000 0.00000000000 0.00000000000 0.00000000000 0.00000000000 0.00000000000 0.00000000000
# fish_slope_mn:
0.216618432228
# fish_slope_mo:
0.450000000000
# fish_fit_slope_mn:
0.405182439524
# fish_fit_sel50_mn:
95.9557495450
# fish_fit_slope_mo:
0.275000000000
# fish_fit_sel50_mo:
100.000000000
# fish_slope_mo2:
1.95000000000
# fish_sel50_mo2:
159.500000000
# fish_slope_mn2:
1.00500000000
# fish_sel50_mn2:
130.000000000
# fish_disc_slope_f:
0.284649074531
# fish_disc_sel50_f:
4.20040212864
# log_dev_50f:
 0.00000000000 0.00000000000 0.00000000000 0.00000000000 0.00000000000 0.00000000000 0.00000000000 0.00000000000 0.00000000000 0.00000000000 0.00000000000 0.00000000000 0.00000000000 0.00000000000 0.00000000000 0.00000000000 0.00000000000 0.00000000000 0.00000000000 0.00000000000 0.00000000000 0.00000000000 0.00000000000 0.00000000000 0.00000000000
# fish_disc_slope_tf:
0.0881115757567
# fish_disc_sel50_tf:
114.121055846
# srv1_q:
0.625613107797
# srv1_q_f:
0.577333297245
# srv1_sel95:
63.7931648411
# srv1_sel50:
36.5119281951
# srv2_q:
0.334039209097
# srv2_q_f:
0.396690446949
# srv2_sel95:
62.6142779702
# srv2_sel50:
43.6772954362
# srv3_q:
 0.507751631586 0.463941522815 0.477954703462 0.464846843299 0.333127182707 0.270098011240 0.211909840061 0.200000249005 0.216892739257 0.280189668872 0.255132517988 0.200003565407 0.327105376748 0.496666420864 0.397316789191 0.339114538384 0.405268465798 0.530275320605 0.483334006045 0.445116490711 0.399241979058 0.386398492354 0.415239472661 0.375966260193 0.238073832816 0.200000727760 0.200001140551 0.200259185963 0.201159655758 0.202924141939 0.205014552489 0.207344980901 0.209664436212
# srv3_sel95:
77.4086227871
# srv3_sel50:
48.8130587686
# srv3_q_f:
 0.499270686153 0.999996060029 0.970484150095 0.999999916629 0.734300498807 0.464305072743 0.306775847689 0.272979231897 0.200000004981 0.262159208686 0.298953582320 0.200000040989 0.636442277557 0.606924954816 0.437425439106 0.698081235861 0.989110257705 0.729860800845 0.475481335128 0.503082591142 0.492136092820 0.607042144914 0.420800622233 0.465071581597 0.310711612475 0.499565841961 0.499545114754 0.499541387775 0.588570962179 0.592404928369 0.599123360170 0.608137956997 0.600102750312
# srv3_sel95_f:
53.7580762653
# srv3_sel50_f:
41.6162545257
# srvind_q:
0.999994507471
# srvind_q_f:
0.114508896448
# srvind_sel95_f:
56.4264155730
# srvind_sel50_f:
50.9811108350
# srv10ind_q:
0.490716253370
# srv10ind_q_f:
0.663464622902
# srv10ind_sel95_f:
26.4042645794
# srv10ind_sel50_f:
24.1180932646
# selsmo10ind:
 18.4892322908 18.5486395204 18.6081023836 18.6675783347 18.7269646838 18.7864059860 18.8457741209 18.9050739427 18.9644005335 19.0239641830 19.0837318097 19.1438341519 19.2042108900 19.2649464636 19.3260033929 19.3876021862 19.4496152326 19.5119313680 19.5744775226 19.6372768691 19.7003084010 19.7634102233
# selsmo09ind:
 -10.8262339086 -9.57513873938 -8.32443679414 -7.07788136976 -5.84917261972 -4.67599618183 -3.62604972212 -2.80337977872 -2.26448033954 -1.92997300886 -1.71875291690 -1.52398825849 -1.29811780446 -1.11542465372 -1.09360731830 -1.21077494071 -1.33897380024 -1.37307656117 -1.27454611377 -1.07301444077 -0.828004799934 -0.570104970715
# Mmult_imat:
1.01555349564
# Mmult:
1.04564058204
# Mmultf:
1.09991693438
# m_dev_m:
 1.08543718606 0.821196058786 0.492740442605 0.0540440881291 -0.279792476852 -0.366699616713 -0.219790559417 0.106345562450 0.523156497270 0.912537362785 1.12715396166 1.11003452671 1.38532871955 1.76440655567 1.98101316609 1.44435485038 1.38199059152 1.45000680569 1.59595503954 1.68640974901 1.60844378470 1.42810803998 1.25679426094 1.13465618535 1.01326905457 0.879841307500 0.643467529656 0.196618796162 -0.423654020380 -1.10801596139 -1.76118250369 -2.30622602584 -2.69614753363 -2.91938745806 -3.00048518782 -3.00048614593 -3.00047243065 -3.00048405284 -3.00048614956
# m_dev_f:
 0.920116746566 1.45171284256 1.82267213959 1.83536174930 1.61645712301 1.30667922844 1.01490149236 0.805230700666 0.666219498846 0.581867429164 0.523132015502 0.475288193065 0.443253244183 0.460034945602 0.556013806814 0.731461930582 0.932987395888 1.12053492080 1.29547833025 1.45229021681 1.59555790929 1.69952128173 1.72919741184 1.62970534041 1.35967490512 0.901236655980 0.292276007375 -0.414479377671 -1.13012572224 -1.77882421949 -2.30748823474 -2.68481678768 -2.90625861807 -2.99473552862 -3.00042711432 -3.00042703070 -3.00042699672 -3.00042686931 -3.00042696219
# cpueq:
0.000624029656589
# proprecn:
1.00000000000
