ParName   Value   Gradient
mateste(1)     -3.89324  0.000657521
mateste(2)     -3.48027  -0.00443358
mateste(3)      -3.0673   -0.0114595
mateste(4)     -2.65472   -0.0552405
mateste(5)     -2.24711    -0.107438
mateste(6)     -1.86981    -0.214079
mateste(7)     -1.55434    -0.297532
mateste(8)     -1.31347    -0.383985
mateste(9)     -1.15864    -0.480045
mateste(10)     -1.04923    -0.487672
mateste(11)     -0.97721    -0.487435
mateste(12)    -0.960718    -0.531895
mateste(13)    -0.905491    -0.562534
mateste(14)    -0.722661    -0.530683
mateste(15)    -0.413961    -0.420566
mateste(16)    -0.109056    -0.189564
mateste(17)  -2.6192e-09    0.0137714
matestfe(1)     -3.47822 -0.000136125
matestfe(2)     -2.68227 -4.03095e-05
matestfe(3)     -1.88629 -0.000418672
matestfe(4)     -1.09524  -0.00105396
matestfe(5)     -0.37728  -0.00332815
matestfe(6)      -0.0663  -0.00290543
matestfe(7)   -0.0840464  -0.00364018
matestfe(8)    -0.039625  -0.00169309
mean_log_rec_f      14.6602     0.012897
mean_log_rec_m      14.5994     0.682758
rec_devf(1982)     -1.09863  -0.00783259
rec_devf(1983)     -1.17254  -0.00512849
rec_devf(1984)     0.010586   0.00719314
rec_devf(1985)      1.61612   -0.0136715
rec_devf(1986)     0.879807   -0.0107195
rec_devf(1987)    0.0724802  -0.00639859
rec_devf(1988)    -0.597678  -0.00917775
rec_devf(1989)     0.211621  -0.00438725
rec_devf(1990)     0.311546  -0.00591183
rec_devf(1991)     0.974582   -0.0144873
rec_devf(1992)      1.31928   -0.0243384
rec_devf(1993)      1.45332   -0.0150181
rec_devf(1994)    0.0217989  -0.00735196
rec_devf(1995)    -0.340111  -0.00722994
rec_devf(1996)    -0.408526  -0.00775296
rec_devf(1997)    -0.103772  -0.00621574
rec_devf(1998)    0.0762527 -0.000505994
rec_devf(1999)    -0.523089  0.000586593
rec_devf(2000)    -0.607343    0.0106273
rec_devf(2001)     -1.10066    0.0259261
rec_devf(2002)    -0.582495    0.0766713
rec_devf(2003)     0.408664     0.057169
rec_devf(2004)     0.290369   0.00185088
rec_devf(2005)    -0.349988   0.00269666
rec_devf(2006)    -0.829398  0.000324404
rec_devf(2007)     -1.03468 -0.000885822
rec_devf(2008)       1.0552    0.0187979
rec_devf(2009)     0.650796    0.0048739
rec_devf(2010)     0.300528   -0.0047881
rec_devf(2011)     0.666685  -0.00812017
rec_devf(2012)     -0.26645  -0.00946041
rec_devf(2013)    -0.289138  -0.00846605
rec_devf(2014)    -0.276119  -0.00543383
rec_devf(2015)    -0.250208  -0.00840977
rec_devf(2016)     -0.21981  -0.00268982
rec_devf(2017)    -0.171206  -0.00511997
rec_devf(2018)   -0.0953227  -0.00978665
rec_devf(2019)  -0.00250677  -0.00769346
rec_devf(2020)  2.92441e-05  -0.00685655
rec_devm(1982)    -0.219945      2.77725
rec_devm(1983) -0.000239439      1.64331
rec_devm(1984)      0.22771     0.708654
rec_devm(1985)      1.29499      2.94542
rec_devm(1986)     -0.30772     0.481925
rec_devm(1987)      1.55126      7.53631
rec_devm(1988)    -0.561738     0.310936
rec_devm(1989)    0.0733488      0.39289
rec_devm(1990)     0.804795     0.383029
rec_devm(1991)      2.71238    -0.188992
rec_devm(1992)   -0.0255319    -0.567264
rec_devm(1993)      1.36772     -1.36783
rec_devm(1994)    -0.431366    -0.437644
rec_devm(1995)     -1.08996    -0.363339
rec_devm(1996)    -0.844488    -0.320198
rec_devm(1997)      0.71774   -0.0354206
rec_devm(1998)     0.023367    -0.214449
rec_devm(1999)     -1.01467    -0.359898
rec_devm(2000)     -1.10133    -0.508127
rec_devm(2001)    -0.156183     -1.31262
rec_devm(2002)     0.412973       -2.464
rec_devm(2003)     0.353835     -1.69535
rec_devm(2004)    0.0525088    -0.856703
rec_devm(2005)    -0.727888    -0.395635
rec_devm(2006)     -1.47596    -0.388861
rec_devm(2007)      -0.7519    -0.381283
rec_devm(2008)     0.913355    -0.386272
rec_devm(2009)    -0.197852    -0.410039
rec_devm(2010)     0.209399    -0.411118
rec_devm(2011)    0.0750722    -0.412735
rec_devm(2012)    -0.381308    -0.412234
rec_devm(2013)     -0.41313    -0.414586
rec_devm(2014)    -0.474007     -0.41353
rec_devm(2015)    -0.389028    -0.410838
rec_devm(2016)    -0.176577    -0.411423
rec_devm(2017)    -0.040485    -0.411443
rec_devm(2018)  -0.00779323    -0.411303
rec_devm(2019)  -0.00140737    -0.410261
rec_devm(2020)  4.23053e-05    -0.409702
mnatlen_styr(1,1)      11.9126    0.0940594
mnatlen_styr(1,2)      11.9717     0.145123
mnatlen_styr(1,3)      12.1873     0.204996
mnatlen_styr(1,4)      12.5094     0.279057
mnatlen_styr(1,5)       12.771     0.351724
mnatlen_styr(1,6)      12.7249     0.347812
mnatlen_styr(1,7)      12.5853     0.320736
mnatlen_styr(1,8)      12.4644     0.292628
mnatlen_styr(1,9)      12.3536     0.290606
mnatlen_styr(1,10)      12.1358     0.249402
mnatlen_styr(1,11)      11.8535     0.190759
mnatlen_styr(1,12)      11.7372     0.181118
mnatlen_styr(1,13)      11.5782      0.17106
mnatlen_styr(1,14)       10.731    0.0875899
mnatlen_styr(1,15)      9.47124    0.0317872
mnatlen_styr(1,16)      8.42262    0.0125229
mnatlen_styr(1,17)      7.61555   0.00671596
mnatlen_styr(1,18)       7.0171   0.00338798
mnatlen_styr(1,19)      6.56779    0.0032966
mnatlen_styr(1,20)      6.22696   0.00216152
mnatlen_styr(1,21)      5.98854   0.00153712
mnatlen_styr(1,22)      5.86608   0.00201155
mnatlen_styr(2,1)      1.63294  -0.00158671
mnatlen_styr(2,2)      3.06496   0.00400775
mnatlen_styr(2,3)      4.49697   0.00140763
mnatlen_styr(2,4)      5.92895  -0.00658707
mnatlen_styr(2,5)      7.36047   0.00420379
mnatlen_styr(2,6)      8.78395  -0.00461457
mnatlen_styr(2,7)      10.0695   0.00267825
mnatlen_styr(2,8)      11.1053  -0.00449675
mnatlen_styr(2,9)      11.8391   0.00593332
mnatlen_styr(2,10)      12.2893   -0.0026617
mnatlen_styr(2,11)      12.5101  -0.00129744
mnatlen_styr(2,12)      12.5661   0.00148916
mnatlen_styr(2,13)      12.5157   0.00438767
mnatlen_styr(2,14)      12.3692    0.0051902
mnatlen_styr(2,15)      12.0864     0.055855
mnatlen_styr(2,16)      11.6145     0.096749
mnatlen_styr(2,17)      10.8808    0.0659602
mnatlen_styr(2,18)      9.95081    0.0370877
mnatlen_styr(2,19)      8.90277    0.0105289
mnatlen_styr(2,20)      7.79333   0.00643442
mnatlen_styr(2,21)      6.65943  0.000592634
mnatlen_styr(2,22)      5.51982   0.00139682
fnatlen_styr(1,1)      11.5668   0.00120602
fnatlen_styr(1,2)      11.7271 -0.000143429
fnatlen_styr(1,3)      12.1056  0.000979022
fnatlen_styr(1,4)      12.7031  0.000200061
fnatlen_styr(1,5)      14.0344 -1.41265e-05
fnatlen_styr(1,6)      14.7871  0.000322973
fnatlen_styr(1,7)      14.1692  0.000234907
fnatlen_styr(1,8)      13.2023   0.00035664
fnatlen_styr(1,9)      12.2098  -0.00168669
fnatlen_styr(1,10)      11.1396 -0.000894078
fnatlen_styr(1,11)       10.487   0.00102221
fnatlen_styr(1,12)      10.1991   0.00073174
fnatlen_styr(2,1)     -9.97792 -0.000573764
fnatlen_styr(2,2)     -9.97817 -0.000502538
fnatlen_styr(2,3)     -9.97863 -0.000972989
fnatlen_styr(2,4)     -9.97952 -0.000846045
fnatlen_styr(2,5)     -9.98079 -0.000904427
fnatlen_styr(2,6)     -9.98164   0.00338566
fnatlen_styr(2,7)     -9.98409   0.00308245
fnatlen_styr(2,8)     -9.98498   0.00168451
fnatlen_styr(2,9)     -9.98674   0.00064424
fnatlen_styr(2,10)     -9.98887    0.0035652
fnatlen_styr(2,11)     -9.98884  -0.00223014
fnatlen_styr(2,12)     -9.99016  -0.00206018
log_avg_fmort    -0.324894     0.209572
fmort_dev(1982)    -0.667543   -0.0173105
fmort_dev(1983)     -1.34449   -0.0700617
fmort_dev(1984)    -0.717163    -0.160169
fmort_dev(1985)    -0.226499    -0.277146
fmort_dev(1986)     0.136361    -0.255298
fmort_dev(1987)     0.829722     0.416592
fmort_dev(1988)     0.998099     0.719946
fmort_dev(1989)     0.738884    -0.182121
fmort_dev(1990)      1.43807     0.073011
fmort_dev(1991)      1.70007    -0.295041
fmort_dev(1992)      1.20694     0.577584
fmort_dev(1993)     0.408359      0.60418
fmort_dev(1994)   0.00599598     0.437671
fmort_dev(1995)     -0.34685     0.256077
fmort_dev(1996)    -0.347336     0.506385
fmort_dev(1997)    -0.219727    0.0355729
fmort_dev(1998)    -0.148234    -0.734177
fmort_dev(1999)     -1.52798    -0.129794
fmort_dev(2000)     -1.09414    -0.101276
fmort_dev(2001)    0.0629288   -0.0097913
fmort_dev(2002)    -0.381303  -0.00443278
fmort_dev(2003)     -1.03794    -0.012103
fmort_dev(2004)    -0.933423   -0.0325317
fmort_dev(2005)    -0.130203    0.0621647
fmort_dev(2006)    -0.173947   0.00522249
fmort_dev(2007)    -0.087806    -0.318742
fmort_dev(2008)    -0.628272    -0.563593
fmort_dev(2009)     -1.14126    -0.325045
fmort_dev(2010)      -1.1482    -0.173243
fmort_dev(2011)    -0.589491   -0.0939621
fmort_dev(2012)    -0.899954   0.00532241
fmort_dev(2013)     0.956922   -0.0546454
fmort_dev(2014)     0.927259   -0.0539359
fmort_dev(2015)     0.912962   -0.0518834
fmort_dev(2016)     0.870031   -0.0530982
fmort_dev(2017)     0.713748   -0.0546795
fmort_dev(2018)     0.762571   -0.0538488
fmort_dev(2019)      1.12284   -0.0526897
log_avg_fmortdf     -7.65081  -0.00107435
fmortdf_dev(1982)   -0.0597209   0.00311034
fmortdf_dev(1983)   -0.0676371  -0.00307088
fmortdf_dev(1984)   -0.0599526  -0.00136514
fmortdf_dev(1985)   -0.0639427 -2.68603e-05
fmortdf_dev(1986)   -0.0521603   0.00235752
fmortdf_dev(1987)    0.0144785  -0.00583191
fmortdf_dev(1988)    0.0331272  -0.00225202
fmortdf_dev(1989)     0.104365   0.00197255
fmortdf_dev(1990)     0.118548  0.000371476
fmortdf_dev(1991)     0.155483   0.00078147
fmortdf_dev(1992)     0.903685 -3.85365e-05
fmortdf_dev(1993)      0.39625  0.000156876
fmortdf_dev(1994)     0.164888   0.00148237
fmortdf_dev(1995)    -0.238871   0.00121222
fmortdf_dev(1996)     0.216565  -0.00146917
fmortdf_dev(1997)    -0.211123   0.00216614
fmortdf_dev(1998)    -0.119936   0.00290704
fmortdf_dev(1999)   -0.0995622   0.00197062
fmortdf_dev(2000)   -0.0826167   0.00391279
fmortdf_dev(2001)   -0.0742218  -0.00210852
fmortdf_dev(2002)   -0.0662052   0.00134381
fmortdf_dev(2003)   -0.0681173   0.00419798
fmortdf_dev(2004)   -0.0680211  0.000212164
fmortdf_dev(2005)   -0.0686327  0.000692849
fmortdf_dev(2006)   -0.0756535  5.58255e-05
fmortdf_dev(2007)   -0.0606536  0.000714083
fmortdf_dev(2008)   -0.0676772  0.000871294
fmortdf_dev(2009)   -0.0731295  0.000428667
fmortdf_dev(2010)    -0.131675     0.002228
fmortdf_dev(2011)      1.41236  -0.00154314
fmortdf_dev(2012)    -0.196134   0.00136413
fmortdf_dev(2013)    0.0144585  0.000271767
fmortdf_dev(2014)     0.776465  -0.00157441
fmortdf_dev(2015)   -0.0833088  0.000891236
fmortdf_dev(2016)    -0.502637   0.00104527
fmortdf_dev(2017)    -0.539715  0.000616553
fmortdf_dev(2018)    -0.563898  0.000438325
fmortdf_dev(2019)    -0.615474   0.00163858
log_avg_fmortt     -5.30627   -0.0308599
fmortt_dev_era1(1982)     0.173809   0.00334476
fmortt_dev_era1(1983)     0.213739   -0.0006332
fmortt_dev_era1(1984)     0.158637  -0.00403287
fmortt_dev_era1(1985)    0.0723658  -0.00370287
fmortt_dev_era1(1986)    -0.441218  -0.00273369
fmortt_dev_era1(1987)    -0.414906 -8.21556e-06
fmortt_dev_era1(1988)    -0.466381   0.00261126
fmortt_dev_era1(1989)    -0.479099   0.00369418
fmortt_dev_era1(1990)     0.167177  -0.00167453
fmortt_dev_era1(1991)      1.01587  -0.00761878
fmortt_dev_era2(1992)      1.58343   -0.0267729
fmortt_dev_era2(1993)      1.21453   -0.0194129
fmortt_dev_era2(1994)      1.86863   -0.0259823
fmortt_dev_era2(1995)     0.544642  -0.00723361
fmortt_dev_era2(1996)   -0.0902831  -0.00277288
fmortt_dev_era2(1997)    -0.199602   0.00340241
fmortt_dev_era2(1998)    -0.241479   0.00366797
fmortt_dev_era2(1999)    0.0690823   0.00188473
fmortt_dev_era2(2000)     0.281637   0.00101894
fmortt_dev_era2(2001)     0.163107   0.00297776
fmortt_dev_era2(2002)   -0.0639667   0.00654961
fmortt_dev_era2(2003)     0.386879  0.000257951
fmortt_dev_era2(2004)     0.806348   0.00123868
fmortt_dev_era2(2005)   -0.0030081   0.00326316
fmortt_dev_era2(2006)       0.3324   0.00214476
fmortt_dev_era2(2007)    -0.178408   0.00512626
fmortt_dev_era2(2008)    -0.307011   0.00423044
fmortt_dev_era2(2009)    0.0211513   0.00285233
fmortt_dev_era2(2010)    -0.518448    0.0025508
fmortt_dev_era2(2011)    -0.520813   0.00128276
fmortt_dev_era2(2012)    -0.485963   0.00220032
fmortt_dev_era2(2013)    -0.826707   0.00190877
fmortt_dev_era2(2014)    -0.740535    0.0183271
fmortt_dev_era2(2015)    -0.701008   0.00655279
fmortt_dev_era2(2016)    -0.751285   0.00246117
fmortt_dev_era2(2017)    -0.733646   0.00217542
fmortt_dev_era2(2018)    -0.472544  0.000152322
fmortt_dev_era2(2019)    -0.437131   0.00272709
Fem_F_prop_constant          0.5            0
log_avg_sel50_mn       4.6658     -2.33641
fish_slope_mn     0.216618    -0.195939
fish_fit_slope_mn     0.405182    0.0202991
fish_fit_sel50_mn      95.9557    -0.360313
fish_disc_slope_f     0.284649   0.00437035
fish_disc_sel50_f       4.2004    0.0205695
fish_disc_slope_tf    0.0881116    0.0120077
fish_disc_sel50_tf      114.121    0.0111887
srv2_q     0.334039  -0.00167591
srv2_q_f      0.39669   0.00184546
srv2_sel95      62.6143  -0.00111774
srv2_sel50      43.6773  0.000137489
srv3_q(1988)     0.507752  0.000495189
srv3_q(1989)     0.463942 -0.000380481
srv3_q(1990)     0.477955 -0.000767994
srv3_q(1991)     0.464847  -0.00072991
srv3_q(1992)     0.333127  -0.00188071
srv3_q(1993)     0.270098    0.0019844
srv3_q(1994)      0.21191  8.80485e-05
srv3_q(1995)          0.2 -0.000245206
srv3_q(1996)     0.216893  0.000513019
srv3_q(1997)      0.28019  0.000273328
srv3_q(1998)     0.255133 -5.59692e-06
srv3_q(1999)     0.200004   -0.0196001
srv3_q(2000)     0.327105   0.00147524
srv3_q(2001)     0.496666  -0.00060751
srv3_q(2002)     0.397317 -0.000515163
srv3_q(2003)     0.339115  0.000772429
srv3_q(2004)     0.405268  -0.00693433
srv3_q(2005)     0.530275  -0.00190125
srv3_q(2006)     0.483334  0.000961675
srv3_q(2007)     0.445116  -0.00143226
srv3_q(2008)     0.399242 -0.000543613
srv3_q(2009)     0.386398  -0.00141265
srv3_q(2010)     0.415239  -0.00025636
srv3_q(2011)     0.375966  0.000451473
srv3_q(2012)     0.238074  -0.00366767
srv3_q(2013)     0.200001  0.000911383
srv3_q(2014)     0.200001  0.000648295
srv3_q(2015)     0.200259 -0.000256665
srv3_q(2016)      0.20116   0.00150426
srv3_q(2017)     0.202924   0.00133936
srv3_q(2018)     0.205015  0.000679477
srv3_q(2019)     0.207345   -0.0012357
srv3_q(2020)     0.209664  7.77954e-05
srv3_sel95      77.4086  -0.00578259
srv3_sel50      48.8131   0.00902236
srv3_q_f(1988)     0.499271 -0.000535647
srv3_q_f(1989)     0.999996 -3.41659e-06
srv3_q_f(1990)     0.970484   8.0795e-05
srv3_q_f(1991)            1   0.00400335
srv3_q_f(1992)       0.7343  0.000225164
srv3_q_f(1993)     0.464305 -0.000521179
srv3_q_f(1994)     0.306776  0.000551353
srv3_q_f(1995)     0.272979 -0.000850533
srv3_q_f(1996)          0.2    0.0227549
srv3_q_f(1997)     0.262159  5.27393e-05
srv3_q_f(1998)     0.298954  -0.00012152
srv3_q_f(1999)          0.2  -0.00528241
srv3_q_f(2000)     0.636442 -0.000421913
srv3_q_f(2001)     0.606925  0.000547602
srv3_q_f(2002)     0.437425  0.000419052
srv3_q_f(2003)     0.698081  0.000306978
srv3_q_f(2004)      0.98911   3.9959e-05
srv3_q_f(2005)     0.729861  0.000173444
srv3_q_f(2006)     0.475481 -0.000269666
srv3_q_f(2007)     0.503083    0.0014312
srv3_q_f(2008)     0.492136  4.53136e-05
srv3_q_f(2009)     0.607042 -0.000424776
srv3_q_f(2010)     0.420801  0.000582008
srv3_q_f(2011)     0.465072    0.0011696
srv3_q_f(2012)     0.310712  0.000569596
srv3_q_f(2013)     0.499566 -1.01864e-06
srv3_q_f(2014)     0.499545 -1.01887e-06
srv3_q_f(2015)     0.499541 -1.01891e-06
srv3_q_f(2016)     0.588571  -1.1225e-07
srv3_q_f(2017)     0.592405 -7.45779e-08
srv3_q_f(2018)     0.599123 -8.60641e-09
srv3_q_f(2019)     0.608138  7.99107e-08
srv3_q_f(2020)     0.600103  1.00875e-09
srv3_sel95_f      53.7581  -0.00240181
srv3_sel50_f      41.6163   -0.0254401
srvind_q     0.999995 -3.30523e-06
srvind_q_f     0.114509   0.00196598
srvind_sel95_f      56.4264  -0.00116016
srvind_sel50_f      50.9811  -0.00171146
srv10ind_q     0.490716 -0.000707242
srv10ind_q_f     0.663465  0.000565658
selsmo10ind(1)      18.4892   -0.0066639
selsmo10ind(2)      18.5486     0.011535
selsmo10ind(3)      18.6081  -0.00692502
selsmo10ind(4)      18.6676   -0.0278771
selsmo10ind(5)       18.727   -0.0300743
selsmo10ind(6)      18.7864   -0.0143306
selsmo10ind(7)      18.8458   0.00949041
selsmo10ind(8)      18.9051   -0.0118115
selsmo10ind(9)      18.9644   -0.0242837
selsmo10ind(10)       19.024    0.0158815
selsmo10ind(11)      19.0837   -0.0179592
selsmo10ind(12)      19.1438   -0.0131639
selsmo10ind(13)      19.2042    0.0106966
selsmo10ind(14)      19.2649    0.0217714
selsmo10ind(15)       19.326   -0.0281522
selsmo10ind(16)      19.3876  -0.00126912
selsmo10ind(17)      19.4496   0.00278861
selsmo10ind(18)      19.5119    0.0066392
selsmo10ind(19)      19.5745  -0.00284741
selsmo10ind(20)      19.6373   0.00839101
selsmo10ind(21)      19.7003   0.00496377
selsmo10ind(22)      19.7634  -0.00338704
selsmo09ind(1)     -10.8262   0.00117923
selsmo09ind(2)     -9.57514 -3.00932e-05
selsmo09ind(3)     -8.32444  0.000121112
selsmo09ind(4)     -7.07788  -0.00499608
selsmo09ind(5)     -5.84917   0.00132275
selsmo09ind(6)       -4.676  -0.00130264
selsmo09ind(7)     -3.62605  0.000363691
selsmo09ind(8)     -2.80338   -0.0032038
selsmo09ind(9)     -2.26448 -0.000309554
selsmo09ind(10)     -1.92997  -0.00127031
selsmo09ind(11)     -1.71875  -0.00376541
selsmo09ind(12)     -1.52399  -0.00655165
selsmo09ind(13)     -1.29812   -0.0021811
selsmo09ind(14)     -1.11542   0.00167272
selsmo09ind(15)     -1.09361   0.00363435
selsmo09ind(16)     -1.21077 -0.000785429
selsmo09ind(17)     -1.33897  -0.00435575
selsmo09ind(18)     -1.37308   0.00304946
selsmo09ind(19)     -1.27455   0.00458439
selsmo09ind(20)     -1.07301  -0.00745451
selsmo09ind(21)    -0.828005   0.00219795
selsmo09ind(22)    -0.570105   0.00100087
Mmult_imat      1.01555     -1.46826
Mmult      1.04564    -0.784534
Mmultf      1.09992  -0.00744391
m_dev_m(1982)      1.08544   -0.0189604
m_dev_m(1983)     0.821196    -0.110979
m_dev_m(1984)      0.49274    -0.208554
m_dev_m(1985)    0.0540441    -0.193251
m_dev_m(1986)    -0.279792    -0.120773
m_dev_m(1987)      -0.3667    -0.092381
m_dev_m(1988)    -0.219791   -0.0627036
m_dev_m(1989)     0.106346   -0.0100627
m_dev_m(1990)     0.523156   -0.0507724
m_dev_m(1991)     0.912537    -0.196924
m_dev_m(1992)      1.12715    -0.503143
m_dev_m(1993)      1.11003    -0.395179
m_dev_m(1994)      1.38533    -0.208561
m_dev_m(1995)      1.76441    -0.141366
m_dev_m(1996)      1.98101    -0.295736
m_dev_m(1997)      1.44435     0.291879
m_dev_m(1998)      1.38199     0.409276
m_dev_m(1999)      1.45001     0.105285
m_dev_m(2000)      1.59596    0.0543163
m_dev_m(2001)      1.68641    0.0190935
m_dev_m(2002)      1.60844    0.0163249
m_dev_m(2003)      1.42811    0.0309251
m_dev_m(2004)      1.25679    0.0235131
m_dev_m(2005)      1.13466    0.0412466
m_dev_m(2006)      1.01327     0.113584
m_dev_m(2007)     0.879841     0.265374
m_dev_m(2008)     0.643468     0.285129
m_dev_m(2009)     0.196619     0.128734
m_dev_m(2010)    -0.423654    0.0595308
m_dev_m(2011)     -1.10802    0.0539744
m_dev_m(2012)     -1.76118    0.0525773
m_dev_m(2013)     -2.30623    0.0369123
m_dev_m(2014)     -2.69615    0.0273541
m_dev_m(2015)     -2.91939   0.00986988
m_dev_m(2016)     -3.00049   0.00188544
m_dev_m(2017)     -3.00049   0.00733962
m_dev_m(2018)     -3.00047   -0.0209894
m_dev_m(2019)     -3.00048   0.00780419
m_dev_m(2020)     -3.00049   -0.0147564
m_dev_f(1982)     0.920117  -0.00157678
m_dev_f(1983)      1.45171  0.000949774
m_dev_f(1984)      1.82267  -0.00333211
m_dev_f(1985)      1.83536  0.000499214
m_dev_f(1986)      1.61646  -0.00122678
m_dev_f(1987)      1.30668   0.00104586
m_dev_f(1988)       1.0149  -0.00196332
m_dev_f(1989)     0.805231   0.00101454
m_dev_f(1990)     0.666219  -0.00271461
m_dev_f(1991)     0.581867 -0.000816575
m_dev_f(1992)     0.523132  -0.00163503
m_dev_f(1993)     0.475288   0.00174973
m_dev_f(1994)     0.443253  0.000223255
m_dev_f(1995)     0.460035  0.000723178
m_dev_f(1996)     0.556014 -0.000693171
m_dev_f(1997)     0.731462   0.00185361
m_dev_f(1998)     0.932987 -0.000718974
m_dev_f(1999)      1.12053 -0.000833936
m_dev_f(2000)      1.29548  -0.00250272
m_dev_f(2001)      1.45229  -0.00247584
m_dev_f(2002)      1.59556  -0.00356441
m_dev_f(2003)      1.69952  -0.00707912
m_dev_f(2004)       1.7292 -0.000608389
m_dev_f(2005)      1.62971  -0.00055016
m_dev_f(2006)      1.35967  -0.00134158
m_dev_f(2007)     0.901237 -0.000831081
m_dev_f(2008)     0.292276  -0.00410258
m_dev_f(2009)    -0.414479 -2.63951e-05
m_dev_f(2010)     -1.13013   0.00143455
m_dev_f(2011)     -1.77882  -7.7051e-05
m_dev_f(2012)     -2.30749  0.000275673
m_dev_f(2013)     -2.68482  -0.00170206
m_dev_f(2014)     -2.90626   0.00199207
m_dev_f(2015)     -2.99474 -0.000708765
m_dev_f(2016)     -3.00043  -0.00110271
m_dev_f(2017)     -3.00043 -0.000210836
m_dev_f(2018)     -3.00043 -6.42493e-05
m_dev_f(2019)     -3.00043 -0.000989231
m_dev_f(2020)     -3.00043 -0.000356705
cpueq   0.00062403  3.75431e-05
