# Number of parameters = 362 Objective function value = 1469.38322108275  Maximum gradient component = 0.00376823755805500
# af:
-1.15390000000
# am:
2.04920000000
# bf:
1.33890000000
# bm:
1.22580000000
# bf1:
1.15108525751
# deltaf:
120.000000000
# st_gr:
0.500000000000
# growth_beta:
 0.750000000000 0.750000000000
# matest50f:
45.0000000000
# matestslpf:
0.275000000000
# matest50m:
85.0000000000
# matestslpm:
0.260000000000
# mateste:
 -4.87940802051 -4.39831023806 -3.91721284722 -3.43681450794 -2.96511147750 -2.53053662364 -2.16590243208 -1.89127696762 -1.73195403931 -1.64274385025 -1.59257273033 -1.59244664916 -1.55108850236 -1.31847401302 -0.849510702687 -0.289967713176 -1.55758872467e-09
# matestfe:
 -4.42140532117 -3.43318658904 -2.44496404194 -1.46353518927 -0.573227900756 -0.123036607501 -0.100164018418 -0.0353940288238
# moltp_af:
2.00000000000
# moltp_bf:
150.000000000
# moltp_am:
1.52000000000
# moltp_bm:
215.000000000
# moltp_ammat:
0.0500000000000
# moltp_bmmat:
105.000000000
# mean_log_rec_f:
13.3888815602
# mean_log_rec_m:
13.2702978254
# rec_devf:
 -1.44402386160 -0.675810549812 0.318271707777 2.04017393944 1.03943547128 0.427671601483 -0.264373667324 0.420234560087 0.370892039241 0.805508317569 0.860194075176 0.601022343450 -0.682945110492 -0.945898654989 -0.951060025917 -0.692469144232 -0.281742716619 -0.866884478778 -1.04319792281 -1.04954011410 -0.167827366055 0.669953118930 -0.0875696522085 -0.139432309732 -0.734667232274 -0.663740112023 1.39544774531 0.269995789068 -0.170817763219 -0.0665997996436 0.0277965052292 -0.252559853759 0.686765020894 1.45718919096 -0.0983967384210 -0.0735238857863 -0.0357251745514 -0.00174532555136 3.40161886123e-08
# rec_devm:
 1.11633872341 0.899257160063 1.19640705650 1.66317766841 1.35877483216 1.69570479043 -1.52984460041 -0.818782081990 -0.643574406849 2.27719553665 0.166099775644 -0.582530065310 -1.30430852777 -1.74938679701 -1.42737913847 0.261075528516 -0.0517448057415 -1.06662254902 -1.01379059983 -0.00993818304046 0.732659489839 0.579905024472 0.551309831881 -0.217281500827 -1.36176981730 -1.25562701971 0.384345227210 -0.603013000236 -0.777717662964 0.0588455119091 -0.368408389542 -0.456242580244 1.06770302464 1.35501265240 -0.0965678708362 -0.0232468054878 -0.00494249375105 -0.00109332095144 3.83173324363e-07
# alpha1_rec:
11.5000000000
# beta_rec:
4.00000000000
# mnatlen_styr:
 11.3526866031 11.4460610440 11.6526723724 11.9189145552 12.0867682714 11.9883422719 11.7832215253 11.5534157863 11.4851242996 11.3337681348 10.9524924366 10.8379142271 10.9755350869 10.3357989483 9.06669985292 8.00347876064 7.20650345055 6.62963928930 6.20833310544 5.90082455977 5.69276125593 5.58735895131
 2.17805194667 3.48643923885 4.79482038707 6.10312093766 7.41043893767 8.70575078589 9.84523985611 10.7175632449 11.2922160995 11.6179106379 11.7640277678 11.7947929829 11.7639465297 11.6731361654 11.4696334983 11.1181667122 10.5185368511 9.69383416704 8.71092811865 7.64020833675 6.53332647743 5.41778150283
# fnatlen_styr:
 9.33421537195 9.42247870351 9.73733024481 10.3694568392 11.6896103965 12.8046367490 12.2158257184 11.2810403678 10.2530336783 9.25743358693 8.65380062872 8.38205866089
 9.64563123046 9.74278604625 10.0507884947 10.8021865473 12.1631656993 12.7706616817 12.2487103801 11.2879979590 10.3828058381 9.38111822916 8.74293981509 8.45067101719
# log_avg_fmort:
-0.178531845035
# fmort_dev:
 -0.848723605390 -1.33294155375 -0.620763228072 -0.0523955888215 0.411497020368 0.995208887644 0.851957299364 0.574092983113 1.43900632220 1.68905319363 1.19057347598 0.627151471943 0.341966144911 0.177617837896 -0.211802956196 0.180213119449 0.369069261610 -0.887192489143 -0.840728166750 -0.217234239820 -0.417601356853 -0.942589467157 -0.999636974363 -0.409734739541 -0.379891465013 -0.110590749212 -0.532255213416 -0.966071609010 -0.862803579526 0.0171905837925 0.417287375896 0.523129645914 0.898163585159 0.563699053730 -0.432213276638 -1.08535497260 -0.139502090985 1.02315005966
# log_avg_fmortdf:
-5.91681944016
# fmortdf_dev:
 -0.0614820313794 -0.0975131565258 -0.0454961319264 -0.0308137841312 0.0180410813056 -0.0923293092270 -0.275953752730 -0.247981839193 -0.152867415545 -0.00632231502182 0.630635372731 0.262101852030 0.0310956626703 -0.311201069350 0.168167037528 -0.258674023813 -0.168848824842 -0.150851104441 -0.123923018468 -0.106725694008 -0.0723586595421 -0.0727672775902 -0.0736576566332 -0.110104620637 -0.159639828747 -0.119922447501 -0.116506368298 -0.0989198446907 -0.186836561134 1.24646098727 -0.140854443359 0.213127793536 1.32068298258 0.307811513838 -0.119743720311 -0.229771775208 -0.281333048143 -0.284724561089
# log_avg_fmortt:
-5.10932132484
# fmortt_dev_era1:
 0.224823388400 0.205243773365 0.145178520329 0.112345703456 -0.271936293064 -0.297421797526 -0.408176087807 -0.452546782807 0.00222312721499 0.740266448438
# fmortt_dev_era2:
 1.31043098489 1.12235089233 2.02353851495 0.802038930154 -0.146112286017 -0.183793373191 -0.209311235955 0.116621408484 0.101423420915 -0.0676853970443 -0.298803597946 0.162220959673 0.531063581968 -0.275715762882 0.0650923649610 -0.423853188994 -0.514262481106 -0.123816163213 -0.624743730022 -0.509226426675 -0.250596019129 -0.351174394236 -0.324469713552 -0.297410962053 -0.393724887015 -0.474300519174 -0.323200633171 -0.442580286941
# discard_mult:
1.00000000000
# Fem_F_prop_constant:
0.500000050000
# log_avg_sel50_mn:
4.65788752724
# log_sel50_dev_mn:
 0.00000000000 0.00000000000 0.00000000000 0.00000000000 0.00000000000 0.00000000000 0.00000000000 0.00000000000 0.00000000000 0.00000000000 0.00000000000 0.00000000000 0.00000000000 0.00000000000 0.00000000000 0.00000000000 0.00000000000 0.00000000000 0.00000000000 0.00000000000 0.00000000000 0.00000000000 0.00000000000 0.00000000000 0.00000000000 0.00000000000 0.00000000000 0.00000000000 0.00000000000 0.00000000000 0.00000000000 0.00000000000 0.00000000000 0.00000000000 0.00000000000 0.00000000000 0.00000000000 0.00000000000 0.00000000000
# log_avg_sel50_mo:
4.50000000000
# log_sel50_dev_mo:
 0.00000000000 0.00000000000 0.00000000000 0.00000000000 0.00000000000 0.00000000000 0.00000000000 0.00000000000 0.00000000000 0.00000000000 0.00000000000 0.00000000000 0.00000000000 0.00000000000 0.00000000000 0.00000000000 0.00000000000 0.00000000000 0.00000000000 0.00000000000 0.00000000000 0.00000000000 0.00000000000 0.00000000000 0.00000000000 0.00000000000 0.00000000000 0.00000000000 0.00000000000 0.00000000000 0.00000000000 0.00000000000 0.00000000000 0.00000000000 0.00000000000 0.00000000000 0.00000000000 0.00000000000 0.00000000000
# fish_slope_mn:
0.188985912945
# fish_slope_mo:
0.450000000000
# fish_fit_slope_mn:
0.481236365400
# fish_fit_sel50_mn:
96.1870682414
# fish_fit_slope_mo:
0.275000000000
# fish_fit_sel50_mo:
100.000000000
# fish_slope_mo2:
1.95000000000
# fish_sel50_mo2:
159.500000000
# fish_slope_mn2:
1.00500000000
# fish_sel50_mn2:
130.000000000
# fish_disc_slope_f:
0.253957128197
# fish_disc_sel50_f:
4.23458992644
# log_dev_50f:
 0.00000000000 0.00000000000 0.00000000000 0.00000000000 0.00000000000 0.00000000000 0.00000000000 0.00000000000 0.00000000000 0.00000000000 0.00000000000 0.00000000000 0.00000000000 0.00000000000 0.00000000000 0.00000000000 0.00000000000 0.00000000000 0.00000000000 0.00000000000 0.00000000000 0.00000000000 0.00000000000 0.00000000000 0.00000000000
# fish_disc_slope_tf:
0.0814148414728
# fish_disc_sel50_tf:
108.495216470
# srv1_q:
0.625613107797
# srv1_q_f:
0.577333297245
# srv1_sel95:
63.7931648411
# srv1_sel50:
36.5119281951
# srv2_q:
0.504958242953
# srv2_q_f:
0.787032453498
# srv2_sel95:
61.0148490940
# srv2_sel50:
41.9359374008
# srv3_q:
0.792704531282
# srv3_sel95:
56.9649327029
# srv3_sel50:
37.9818967848
# srv3_q_f:
0.999999971291
# srv3_sel95_f:
48.6206234787
# srv3_sel50_f:
36.8538072715
# srvind_q:
0.999996803682
# srvind_q_f:
0.165316358992
# srvind_sel95_f:
54.8292981072
# srvind_sel50_f:
50.0353026605
# srv10ind_q:
0.910488993285
# srv10ind_q_f:
0.999999638119
# srv10ind_sel95_f:
26.4042645794
# srv10ind_sel50_f:
24.1180932646
# selsmo10ind:
 19.8889930536 19.8923847710 19.8957782769 19.8991717765 19.9025649880 19.9059584956 19.9093491677 19.9127380404 19.9161290034 19.9195196919 19.9229101586 19.9263024095 19.9296926274 19.9330824208 19.9364734210 19.9398638856 19.9432563688 19.9466458394 19.9500358916 19.9534235035 19.9568113603 19.9602011289
# selsmo09ind:
 -9.18516158982 -8.10417274547 -7.02362781738 -5.94732821126 -4.88811623197 -3.87902005059 -2.97491150178 -2.25428047574 -1.76301349707 -1.43367691108 -1.20469687870 -0.992205006141 -0.769505551894 -0.622977549321 -0.667864639806 -0.874088990175 -1.09777126495 -1.22752755247 -1.23293314390 -1.14495231603 -1.01819275195 -0.878788420772
# Mmult_imat:
1.13720976955
# Mmult:
1.07592862111
# Mmultf:
1.38414132695
# cpueq:
0.00125350419549
# proprecn:
1.00000000000
