# Number of parameters = 427 Objective function value = -2945.14952774030  Maximum gradient component = 108.670168777318
# af:
-1.15390000000
# am:
2.04920000000
# bf:
1.33890000000
# bm:
1.22580000000
# bf1:
1.15108525751
# deltaf:
120.000000000
# st_gr:
0.500000000000
# growth_beta:
 0.750000000000 0.750000000000
# matest50f:
45.0000000000
# matestslpf:
0.275000000000
# matest50m:
85.0000000000
# matestslpm:
0.260000000000
# mateste:
 -4.60823994347 -4.16980153103 -3.73136516946 -3.29321883997 -2.86025992029 -2.45647660238 -2.11117326009 -1.84225252675 -1.67335175077 -1.56285389258 -1.48088784114 -1.43428193233 -1.33653269821 -1.06213594298 -0.601380776502 -0.132968956494 -1.11894651766e-07
# matestfe:
 -4.12607908181 -3.21206163214 -2.29803734505 -1.38971154887 -0.556595235911 -0.113318967216 -0.0841536243844 -0.0395527825018
# moltp_af:
2.00000000000
# moltp_bf:
150.000000000
# moltp_am:
1.52000000000
# moltp_bm:
215.000000000
# moltp_ammat:
0.0500000000000
# moltp_bmmat:
105.000000000
# mean_log_rec_f:
14.0655763899
# mean_log_rec_m:
13.9015800388
# rec_devf:
 -1.79602564213 -1.07963111536 -0.100903889617 1.52690341915 0.426696736093 -0.0283243691114 -0.625284112219 0.112335971918 0.210800227268 0.798190222582 1.01054787199 0.938814195114 -0.468824716859 -0.783339470557 -0.787685446834 -0.547089093224 -0.252950060627 -0.710127172250 -0.839395416913 -0.958588924205 -0.120698029966 0.971928084194 0.632705569709 0.403711418722 -0.340849805869 -0.381191041238 1.86133025754 0.923459124115 0.253360501254 0.0814289872263 0.0177151360327 -0.0669220102603 -0.0835892190106 -0.0728873002091 -0.0605325606804 -0.0435308518121 -0.0203601788392 -0.00120751751026 1.02223899635e-05
# rec_devm:
 0.500060823119 0.372529816199 0.560802631655 1.12532503473 0.853177433534 1.33913403811 -1.81604427853 -1.49778036890 -0.647200512814 2.23288487579 -0.458462038348 -0.245768292584 -1.00434143527 -1.52503994058 -1.17527106068 0.645594017114 0.0798885939167 -0.858034218123 -0.808048202229 -0.0492440575221 1.16048713805 0.914512601487 0.523475604972 -0.0951678237170 -0.968439165272 -0.158877434759 1.49356107267 0.253618280206 0.203388998149 -0.210308112591 -0.184128567247 -0.166856524201 -0.175213214249 -0.136270976181 -0.0590779357901 -0.0148680927343 -0.00328438937684 -0.000725550226700 1.12322326083e-05
# alpha1_rec:
11.5000000000
# beta_rec:
4.00000000000
# mnatlen_styr:
 11.3145186184 11.4032329471 11.6179184010 11.9222457735 12.1529943921 12.1098523468 11.9670365414 11.7807135095 11.7117063805 11.5833737636 11.2649802042 11.1727385491 11.2522771547 10.5531495510 9.27082881853 8.19193701491 7.37248004663 6.77751604079 6.34405513279 6.02956125492 5.81807821217 5.71129799515
 2.05362267214 3.39570372458 4.73777823096 6.07978393196 7.42092581861 8.75074107332 9.92276525493 10.8220521343 11.4145406073 11.7474477529 11.8916128096 11.9149430668 11.8764662082 11.7858935685 11.6038770014 11.2877134351 10.7126638645 9.89364642489 8.90585880600 7.82633743910 6.70935736056 5.58339513153
# fnatlen_styr:
 9.52236392994 9.62074751430 9.94576219616 10.5958450840 11.9416835283 13.0723614591 12.5027015073 11.5553471376 10.5400823171 9.55493055517 8.95853944211 8.69112444558
 9.81950159354 9.91516713930 10.2211738687 10.9721044616 12.3442480709 12.9743214369 12.4710506939 11.5471860220 10.6631108132 9.67553611570 9.04613351203 8.75878090700
# log_avg_fmort:
-0.824186124120
# fmort_dev:
 -0.333353305738 -0.895304519456 -0.165406508468 0.404337026922 0.860078054601 1.46894003047 1.42480253607 1.22848874410 2.07113443053 2.11201503845 1.43660517272 0.796370828597 0.374660227030 0.0959816399226 -0.227933929725 0.105333368960 0.0439581216869 -1.43137459539 -1.47758818978 -1.00626059630 -1.18925254178 -1.54621560587 -1.52123388764 -0.986560855515 -0.967486076383 -0.686691060519 -1.08807798685 -1.43804893799 -1.28293251554 -0.584749531791 1.20995739652 1.14429240681 1.17448881166 1.08254371924 0.901994743305 -2.66202725419 0.575735116017 0.978780485323
# log_avg_fmortdf:
-6.88707213728
# fmortdf_dev:
 -0.00574724688740 -0.0264724975551 -0.00538514899272 -0.00180503108378 0.0392825767822 0.0373609403664 -0.0505813785913 0.0129828819770 0.0833159232833 0.187985154885 0.890189505596 0.393617035776 0.0984960777961 -0.301274765483 0.138341241477 -0.296001479439 -0.209612495214 -0.187644170693 -0.156266411834 -0.133532837533 -0.0924998595370 -0.0894174496227 -0.0885540451539 -0.145304551719 -0.236592413778 -0.223939553439 -0.228594684303 -0.199831913131 -0.345602562077 0.840138354661 -0.349061607318 0.00966419451016 0.983504049482 0.193422373812 -0.170551417134 -0.140715350810 -0.109640380757 -0.113671058316
# log_avg_fmortt:
-5.80288950091
# fmortt_dev_era1:
 0.0731017578894 0.172850280579 0.180877369356 0.0937765947600 -0.472348550398 -0.472797265300 -0.525635751209 -0.487282929525 0.295020885163 1.14243760868
# fmortt_dev_era2:
 1.66172103140 1.37195873887 2.10586344573 0.794528581017 -0.0895408610173 -0.119385168712 -0.228443523569 -0.0227467563485 0.0330416666658 -0.0579232320980 -0.284785355543 0.0800631616945 0.347716658419 -0.247429404446 0.00889949844103 -0.486531624550 -0.629504975102 -0.315130803024 -0.697138919832 -0.605750783399 -0.481370458994 -0.531208628641 -0.508050848218 -0.374446909584 -0.323891897137 -0.271752603705 -0.0965974743881 -0.0321625539265
# discard_mult:
1.00000000000
# Fem_F_prop_constant:
0.500000050000
# log_avg_sel50_mn:
4.66865116901
# log_sel50_dev_mn:
 0.00000000000 0.00000000000 0.00000000000 0.00000000000 0.00000000000 0.00000000000 0.00000000000 0.00000000000 0.00000000000 0.00000000000 0.00000000000 0.00000000000 0.00000000000 0.00000000000 0.00000000000 0.00000000000 0.00000000000 0.00000000000 0.00000000000 0.00000000000 0.00000000000 0.00000000000 0.00000000000 0.00000000000 0.00000000000 0.00000000000 0.00000000000 0.00000000000 0.00000000000 0.00000000000 0.00000000000 0.00000000000 0.00000000000 0.00000000000 0.00000000000 0.00000000000 0.00000000000 0.00000000000 0.00000000000
# log_avg_sel50_mo:
4.50000000000
# log_sel50_dev_mo:
 0.00000000000 0.00000000000 0.00000000000 0.00000000000 0.00000000000 0.00000000000 0.00000000000 0.00000000000 0.00000000000 0.00000000000 0.00000000000 0.00000000000 0.00000000000 0.00000000000 0.00000000000 0.00000000000 0.00000000000 0.00000000000 0.00000000000 0.00000000000 0.00000000000 0.00000000000 0.00000000000 0.00000000000 0.00000000000 0.00000000000 0.00000000000 0.00000000000 0.00000000000 0.00000000000 0.00000000000 0.00000000000 0.00000000000 0.00000000000 0.00000000000 0.00000000000 0.00000000000 0.00000000000 0.00000000000
# fish_slope_mn:
0.170799729148
# fish_slope_mo:
0.450000000000
# fish_fit_slope_mn:
0.450860168162
# fish_fit_sel50_mn:
96.0054183619
# fish_fit_slope_mo:
0.275000000000
# fish_fit_sel50_mo:
100.000000000
# fish_slope_mo2:
1.95000000000
# fish_sel50_mo2:
159.500000000
# fish_slope_mn2:
1.00500000000
# fish_sel50_mn2:
130.000000000
# fish_disc_slope_f:
0.260682142271
# fish_disc_sel50_f:
4.20102163610
# log_dev_50f:
 0.00000000000 0.00000000000 0.00000000000 0.00000000000 0.00000000000 0.00000000000 0.00000000000 0.00000000000 0.00000000000 0.00000000000 0.00000000000 0.00000000000 0.00000000000 0.00000000000 0.00000000000 0.00000000000 0.00000000000 0.00000000000 0.00000000000 0.00000000000 0.00000000000 0.00000000000 0.00000000000 0.00000000000 0.00000000000
# fish_disc_slope_tf:
0.0786803152704
# fish_disc_sel50_tf:
106.672638154
# srv1_q:
0.625613107797
# srv1_q_f:
0.577333297245
# srv1_sel95:
63.7931648411
# srv1_sel50:
36.5119281951
# srv2_q:
0.418442872942
# srv2_q_f:
0.574960475656
# srv2_sel95:
59.1188620056
# srv2_sel50:
40.7931975636
# srv3_q:
 0.760682994229 0.751482281997 0.824326551698 0.805198173520 0.563745806505 0.472394731574 0.470950079936 0.481245902456 0.436404149207 0.390130169161 0.299416953205 0.200000446495 0.236560523454 0.371149824706 0.282679858900 0.212920486056 0.218584399873 0.321203889497 0.300405145056 0.294015379365 0.247217457029 0.233224702546 0.299757239170 0.309311172948 0.318987273930 0.328829506230 0.338819721521 0.349001651264 0.359360379087 0.369885994978 0.380574460898 0.391430378979 0.402352646102
# srv3_sel95:
58.5548678788
# srv3_sel50:
39.7702253564
# srv3_q_f:
 0.781117359780 0.999999950478 0.999997628250 0.998812516303 0.830768345641 0.636992559806 0.521712751818 0.494136732029 0.376465072334 0.422039053050 0.394352022928 0.261421636937 0.448147516959 0.450904123038 0.314582961133 0.373747468911 0.461663571720 0.434182601919 0.291016172231 0.252219091980 0.243495958205 0.323532266318 0.331946737661 0.435494319634 0.527323891713 0.608745023690 0.681129666983 0.745800479308 0.804102130627 0.857354150784 0.906866705871 0.953933948722 0.999743738440
# srv3_sel95_f:
49.8706912973
# srv3_sel50_f:
38.3245139667
# srvind_q:
0.999994674545
# srvind_q_f:
0.0867221121798
# srvind_sel95_f:
54.9147951435
# srvind_sel50_f:
50.0490966678
# srv10ind_q:
0.357749689113
# srv10ind_q_f:
0.498843670161
# srv10ind_sel95_f:
26.4042645794
# srv10ind_sel50_f:
24.1180932646
# selsmo10ind:
 19.8164009406 19.8217894350 19.8269158445 19.8326269124 19.8403083746 19.8495009527 19.8609732671 19.8750443807 19.8912836978 19.9089123083 19.9277909802 19.9458901491 19.9624106901 19.9772922127 19.9907079718 19.9995548967 19.9999508078 19.9951757602 19.9866796385 19.9764292121 19.9662916381 19.9559817763
# selsmo09ind:
 -10.5933805969 -9.36720221509 -8.14136980009 -6.91926882703 -5.71359040264 -4.56014427510 -3.52372204162 -2.70365012872 -2.15659010984 -1.81167720042 -1.60162427876 -1.43405276846 -1.27504669824 -1.20702139573 -1.33778380870 -1.61043999000 -1.85723555795 -1.97288843916 -1.93116994442 -1.77150148295 -1.56119494475 -1.33532044935
# Mmult_imat:
1.08957594374
# Mmult:
1.09019895585
# Mmultf:
1.30844242878
# cpueq:
0.000556436281780
# proprecn:
1.00000000000
