# Number of parameters = 427 Objective function value = -1174.81087236627  Maximum gradient component = 10.3031328016487
# af:
-1.15390000000
# am:
2.04920000000
# bf:
1.33890000000
# bm:
1.22580000000
# bf1:
1.15108525751
# deltaf:
120.000000000
# st_gr:
0.500000000000
# growth_beta:
 0.750000000000 0.750000000000
# matest50f:
45.0000000000
# matestslpf:
0.275000000000
# matest50m:
85.0000000000
# matestslpm:
0.260000000000
# mateste:
 -4.66670547266 -4.21401594017 -3.76132612736 -3.30895428563 -2.86194679481 -2.44476075425 -2.08797605644 -1.81091538807 -1.63986899862 -1.53132747761 -1.45380583836 -1.41916190148 -1.34040047606 -1.08230941869 -0.625080981355 -0.144956679649 -1.45255274475e-09
# matestfe:
 -4.28965188555 -3.32807217669 -2.36648477297 -1.41126590086 -0.541437197018 -0.105072361546 -0.0926703265454 -0.0425430363740
# moltp_af:
2.00000000000
# moltp_bf:
150.000000000
# moltp_am:
1.52000000000
# moltp_bm:
215.000000000
# moltp_ammat:
0.0500000000000
# moltp_bmmat:
105.000000000
# mean_log_rec_f:
14.0314657379
# mean_log_rec_m:
13.8180794408
# rec_devf:
 -1.78839619046 -1.06356535276 -0.0841778529888 1.55126804708 0.508145288718 0.00711689007654 -0.598184494842 0.141573332730 0.244084411998 0.823217798029 1.03539275932 0.951820672594 -0.457658234452 -0.771529527883 -0.776270633663 -0.527627207232 -0.237626636212 -0.689056648726 -0.816933977765 -0.936116124992 -0.0960923296616 0.994227340789 0.676921871852 0.471664023029 -0.151892893073 -0.396177883611 0.517723047892 1.01750134802 -0.0140609766088 0.295403450252 0.566505618737 -0.0751355115447 -0.0942301428698 -0.0831422634799 -0.0697988486787 -0.0501966153281 -0.0234547007620 -0.00124421507905 3.36155439944e-06
# rec_devm:
 0.599127174070 0.478887853460 0.666355657907 1.24934472040 0.977058000401 1.45984761916 -1.72011880700 -1.36815108608 -0.370500814912 2.36041711878 -0.667977344505 -0.205288175346 -0.944472805152 -1.47793057230 -1.12740365797 0.687245194127 0.0534225293821 -0.867487709520 -0.830284655535 -0.0409042969759 1.04096569071 0.723612307461 0.320024239803 -0.473910757602 -1.43159567509 -1.13973627520 1.00620912163 0.926368362347 0.167343731550 0.266313681315 0.241545847516 -0.170620319729 -0.175094699079 -0.134765824257 -0.0588729796008 -0.0149509722063 -0.00329932656705 -0.000722164615772 6.92383144550e-08
# alpha1_rec:
11.5000000000
# beta_rec:
4.00000000000
# mnatlen_styr:
 11.3511790378 11.4393861198 11.6527125420 11.9531837658 12.1777547004 12.1278957629 11.9792228651 11.7875734645 11.7178544523 11.5900924572 11.2626590255 11.1647665056 11.2576369364 10.5736389365 9.28890619629 8.20925100347 7.39061431081 6.79626804727 6.36307265169 6.04863809511 5.83719916029 5.73047389601
 2.05720914017 3.39711659552 4.73702039300 6.07685706559 7.41583407025 8.74354995522 9.91494227500 10.8159637847 11.4123504288 11.7501224193 11.8990886947 11.9263981931 11.8901035169 11.7986390603 11.6109948899 11.2894925024 10.7162395054 9.90330600921 8.92238908829 7.84939725534 6.73863167912 5.61878095343
# fnatlen_styr:
 9.50789375811 9.60621330933 9.93258915195 10.5824727556 11.9350792602 13.0623690313 12.4665077022 11.5225624870 10.5097796823 9.52296047944 8.92518903719 8.65707407299
 9.81050429520 9.90611669441 10.2112942634 10.9589201264 12.3169754177 12.9397246657 12.4562807946 11.5275199417 10.6392535282 9.64693551737 9.01481806521 8.72626604744
# log_avg_fmort:
-0.936198647042
# fmort_dev:
 -0.247734615954 -0.802745688160 -0.0715010777641 0.499694902967 0.955333627876 1.56557867948 1.52172011897 1.31750536812 2.13100925957 2.13410565261 1.45457817497 0.818700102109 0.385602709279 0.102360023859 -0.193280624019 0.156800366813 0.110883760941 -1.34693810919 -1.37988201109 -0.894755927041 -1.05688132664 -1.39188832473 -1.34675493562 -0.792575692145 -0.747515215662 -0.415055596649 -0.761697888160 -1.06865759271 -0.867661181652 -0.0823718198271 -0.0451777049799 -0.361360797972 1.31023588789 1.22437252693 1.06041209289 0.766282184711 -4.87305270951 1.23231339951
# log_avg_fmortdf:
-6.65812338238
# fmortdf_dev:
 -0.0127310605488 -0.0367570872073 -0.0111426380885 -0.00582836775682 0.0374017783060 0.0200809488890 -0.0861443143313 -0.0328741729335 0.0404407106249 0.151731909370 0.825590592159 0.351572358571 0.0555005279931 -0.345422440817 0.0873458791531 -0.337081043136 -0.243421368986 -0.215826809808 -0.180210254063 -0.154627300589 -0.110199407869 -0.105340754923 -0.103972116632 -0.167367695034 -0.268333535523 -0.263686812285 -0.274995694713 -0.241546534463 -0.238494354366 1.18731312679 -0.172627369667 0.146703281261 1.09313312721 0.202101173945 -0.182080359533 -0.155144483291 -0.124272059698 -0.128787378017
# log_avg_fmortt:
-5.79874842412
# fmortt_dev_era1:
 0.0955846043519 0.174704583037 0.178530771649 0.104984217987 -0.445237713106 -0.448048024541 -0.507012182897 -0.478118244317 0.255176245999 1.06943574184
# fmortt_dev_era2:
 1.57254079113 1.27977206000 1.99953227364 0.691000178685 -0.174416450883 -0.191263751278 -0.285386604469 -0.0676419669184 -0.00234036710346 -0.0848350779783 -0.301838278582 0.0791316118035 0.363927403692 -0.233708102185 0.0482564721627 -0.423591761747 -0.529520429515 -0.161141977479 -0.536496919818 -0.408747291651 -0.219364648809 -0.441822365759 -0.559511963981 -0.427558545567 -0.399839028769 -0.360936130521 -0.0850993865778 -0.139099741527
# discard_mult:
1.00000000000
# Fem_F_prop_constant:
0.500000050000
# log_avg_sel50_mn:
4.66546215206
# log_sel50_dev_mn:
 0.00000000000 0.00000000000 0.00000000000 0.00000000000 0.00000000000 0.00000000000 0.00000000000 0.00000000000 0.00000000000 0.00000000000 0.00000000000 0.00000000000 0.00000000000 0.00000000000 0.00000000000 0.00000000000 0.00000000000 0.00000000000 0.00000000000 0.00000000000 0.00000000000 0.00000000000 0.00000000000 0.00000000000 0.00000000000 0.00000000000 0.00000000000 0.00000000000 0.00000000000 0.00000000000 0.00000000000 0.00000000000 0.00000000000 0.00000000000 0.00000000000 0.00000000000 0.00000000000 0.00000000000 0.00000000000
# log_avg_sel50_mo:
4.50000000000
# log_sel50_dev_mo:
 0.00000000000 0.00000000000 0.00000000000 0.00000000000 0.00000000000 0.00000000000 0.00000000000 0.00000000000 0.00000000000 0.00000000000 0.00000000000 0.00000000000 0.00000000000 0.00000000000 0.00000000000 0.00000000000 0.00000000000 0.00000000000 0.00000000000 0.00000000000 0.00000000000 0.00000000000 0.00000000000 0.00000000000 0.00000000000 0.00000000000 0.00000000000 0.00000000000 0.00000000000 0.00000000000 0.00000000000 0.00000000000 0.00000000000 0.00000000000 0.00000000000 0.00000000000 0.00000000000 0.00000000000 0.00000000000
# fish_slope_mn:
0.170475398685
# fish_slope_mo:
0.450000000000
# fish_fit_slope_mn:
0.461889452642
# fish_fit_sel50_mn:
96.1852629170
# fish_fit_slope_mo:
0.275000000000
# fish_fit_sel50_mo:
100.000000000
# fish_slope_mo2:
1.95000000000
# fish_sel50_mo2:
159.500000000
# fish_slope_mn2:
1.00500000000
# fish_sel50_mn2:
130.000000000
# fish_disc_slope_f:
0.255174060222
# fish_disc_sel50_f:
4.21755471439
# log_dev_50f:
 0.00000000000 0.00000000000 0.00000000000 0.00000000000 0.00000000000 0.00000000000 0.00000000000 0.00000000000 0.00000000000 0.00000000000 0.00000000000 0.00000000000 0.00000000000 0.00000000000 0.00000000000 0.00000000000 0.00000000000 0.00000000000 0.00000000000 0.00000000000 0.00000000000 0.00000000000 0.00000000000 0.00000000000 0.00000000000
# fish_disc_slope_tf:
0.0796436387458
# fish_disc_sel50_tf:
105.334776947
# srv1_q:
0.625613107797
# srv1_q_f:
0.577333297245
# srv1_sel95:
63.7931648411
# srv1_sel50:
36.5119281951
# srv2_q:
0.417707188069
# srv2_q_f:
0.592663705223
# srv2_sel95:
59.4972328152
# srv2_sel50:
41.0296327113
# srv3_q:
 0.748474144479 0.736295101983 0.805288737991 0.784068793602 0.542162978636 0.451609481490 0.447999118703 0.460452645950 0.421739892331 0.380855683527 0.295529191411 0.200000351833 0.239800708944 0.380600395986 0.295818958984 0.227142471569 0.239499080148 0.358581578981 0.357593071516 0.355842923524 0.310906000466 0.280946749562 0.381665313730 0.424835226730 0.352712288732 0.255878149463 0.211800613089 0.200006854614 0.200005193726 0.200565190540 0.201369872143 0.202280768756 0.203221055834
# srv3_sel95:
57.1974205538
# srv3_sel50:
39.1434478775
# srv3_q_f:
 0.791971256077 0.999998857730 0.999999867935 0.999995332410 0.839065650635 0.643840147425 0.524735889699 0.496650055554 0.379760797354 0.425808319555 0.398209864715 0.264170044213 0.449228006395 0.452675777708 0.317374597560 0.370951227087 0.453716915842 0.427004296711 0.286327832665 0.241217954133 0.231255639062 0.380143172219 0.500948269960 0.691721577482 0.686807862149 0.596017343402 0.517197853001 0.448639682948 0.388641306310 0.335492493126 0.287479698471 0.242895964925 0.200034402440
# srv3_sel95_f:
49.8348770565
# srv3_sel50_f:
38.2688891667
# srvind_q:
0.999996480702
# srvind_q_f:
0.0432096130974
# srvind_sel95_f:
70.7523356378
# srvind_sel50_f:
74.2295657167
# srv10ind_q:
0.463017665308
# srv10ind_q_f:
0.739272491362
# srv10ind_sel95_f:
26.4042645794
# srv10ind_sel50_f:
24.1180932646
# selsmo10ind:
 19.9997897088 19.9999991895 19.9997253385 19.9996779055 19.9996628985 19.9997671533 19.9996860383 19.9989966053 19.9976657282 19.9958321644 19.9937095085 19.9917469372 19.9903218933 19.9894358432 19.9889590236 19.9887234884 19.9885354872 19.9883142573 19.9881297342 19.9878903237 19.9876419046 19.9874189788
# selsmo09ind:
 -9.87118853711 -8.69641205091 -7.52205270793 -6.35196191219 -5.19999130791 -4.10301186527 -3.12433900205 -2.35608859868 -1.84685576404 -1.52373947740 -1.32064200957 -1.15243762734 -0.994585937555 -0.934197718149 -1.07699070520 -1.36439616927 -1.62666610600 -1.75735564299 -1.73139089388 -1.58887495890 -1.39660302526 -1.18915526402
# Mmult_imat:
1.09267720359
# Mmult:
1.11509739245
# Mmultf:
1.30998064684
# cpueq:
0.000591178385721
# proprecn:
1.00000000000
