# Number of parameters = 440 Objective function value = -3097.11847713956  Maximum gradient component = 4.15779151538734
# af:
-1.15390000000
# am:
2.04920000000
# bf:
1.33890000000
# bm:
1.22580000000
# bf1:
1.15108525751
# deltaf:
120.000000000
# st_gr:
0.500000000000
# growth_beta:
 0.750000000000 0.750000000000
# matest50f:
45.0000000000
# matestslpf:
0.275000000000
# matest50m:
85.0000000000
# matestslpm:
0.260000000000
# mateste:
 -3.90904084102 -3.50882373584 -3.10860725817 -2.70847345552 -2.31163839694 -1.94395698503 -1.63711847078 -1.40483526819 -1.26035182487 -1.16112640697 -1.09829771686 -1.08348128859 -1.01331254561 -0.793947803018 -0.442522227059 -0.110010419172 -4.07549993753e-08
# matestfe:
 -3.40051080596 -2.62937101990 -1.85820040675 -1.09213608036 -0.396996767113 -0.0825213377807 -0.0868997330097 -0.0381310924494
# moltp_af:
2.00000000000
# moltp_bf:
150.000000000
# moltp_am:
1.52000000000
# moltp_bm:
215.000000000
# moltp_ammat:
0.0500000000000
# moltp_bmmat:
105.000000000
# mean_log_rec_f:
13.9203778229
# mean_log_rec_m:
14.2208005409
# rec_devf:
 -1.11731277897 -1.19798229184 0.00907497397093 1.65594544714 1.15838581054 0.975326204197 -0.164352139407 0.737578993127 0.518220689215 0.903946601426 0.952568940734 0.917475275068 -0.376077496067 -0.577351413846 -0.792921819028 -0.540997366768 0.136476389045 -0.663772659570 -0.671193334294 -0.671923377968 0.00769029402549 0.725421978897 0.0491587139378 -0.191766904996 -0.769332802208 -0.946610722319 1.04468678868 0.700305201109 0.139289870848 -0.257207253537 -0.284796145248 -0.310169170831 -0.297205431873 -0.270231292735 -0.238524358729 -0.186433807731 -0.102861631996 -0.00251128667044 -1.66853129445e-05
# rec_devm:
 0.177492397819 0.388562941968 0.595669332904 1.83138874799 0.317089624077 1.65155568225 -1.00796046532 0.103805821533 0.194356544715 2.31761075218 -0.0694668284127 0.602595941403 -0.818611538395 -1.42907852541 -1.10416758802 0.615055371353 0.0146055873101 -0.986301683044 -1.00033239000 -0.00762482683845 0.518308123450 0.492088642277 0.224565514335 -0.592480594114 -1.28822121561 -0.485175713966 0.945651380240 -0.179805109317 0.0582868433928 -0.354276986762 -0.342565397930 -0.373592566975 -0.436528856797 -0.358904714356 -0.163326812057 -0.0399034205255 -0.00856732926919 -0.00178339559095 -1.32904948813e-05
# alpha1_rec:
11.5000000000
# beta_rec:
4.00000000000
# mnatlen_styr:
 11.9420409109 11.9958563503 12.1898417819 12.4693604279 12.6777601040 12.5991138703 12.4355009038 12.3043188549 12.2200899256 12.0086017222 11.7162528338 11.6354650460 11.5311752005 10.6840715777 9.42289585125 8.38443188167 7.58099471831 6.98189398664 6.53168120024 6.19178683159 5.95536512406 5.83423855987
 1.69269907968 3.10972301275 4.52674522677 5.94373573745 7.36021714836 8.76838544484 10.0381323875 11.0574336341 11.7743768909 12.2084130375 12.4135976761 12.4536169997 12.3878985977 12.2321305633 11.9580500508 11.5191567757 10.8211858690 9.91602297550 8.88358780983 7.78507143048 6.66028530581 5.52933688884
# fnatlen_styr:
 10.5640903599 10.6989458201 11.0359819525 11.5734624725 12.7638910789 13.5594100883 12.8821842500 11.9092330591 10.8937630901 9.93475985286 9.35651888184 9.09788294359
 10.4378376627 10.5175522604 10.7674978797 11.3667508407 12.4700200902 13.1427942206 12.6994865188 11.8187828874 10.9789293344 10.0384130841 9.43502651709 9.15877865665
# log_avg_fmort:
-0.179695231428
# fmort_dev:
 -0.812199752806 -1.45767289670 -0.788653025996 -0.271644372553 0.105577162467 0.762385883202 0.821939132963 0.507888676096 1.13619333235 1.46822042001 1.35499490455 0.672431935315 0.382583185605 0.0750751036202 -0.00464179909514 0.189908222176 0.308510821483 -1.15286670797 -1.01589196160 -0.155452185982 -0.530708781587 -1.16560947313 -1.11847113231 -0.369803960454 -0.348307975677 -0.158393614816 -0.655018096396 -1.17075859800 -1.18203331962 -0.612719016509 0.608207660698 0.644892412130 0.722468092304 0.700501503683 0.606500769018 0.412567878326 0.532476163431 0.957523411777
# log_avg_fmortdf:
-6.94776769912
# fmortdf_dev:
 -0.0774448022122 -0.0677627976001 -0.0617814566561 -0.0656481378506 -0.0496598093617 0.0197891568262 -0.0105255096407 0.0349150759322 0.0934836155356 0.184680879889 0.997232539319 0.354451765762 0.175152499921 -0.102936612881 0.288509327009 -0.117286435864 -0.0863775421797 -0.0930267913735 -0.0901010970212 -0.0839741840688 -0.0713310447627 -0.0729592125509 -0.0724797663367 -0.0750149067671 -0.0837500174835 -0.0662265714165 -0.0744441702463 -0.0816654542342 -0.155190485956 1.29490291719 -0.246454577083 -0.00848558676539 0.778491570830 -0.0755585161517 -0.499195044292 -0.540290707570 -0.568338530021 -0.623699579867
# log_avg_fmortt:
-5.03477515460
# fmortt_dev_era1:
 0.231256085836 0.221293820307 0.163070845403 0.106198943532 -0.342698970869 -0.337136472438 -0.437136385046 -0.507747232615 0.0231720807531 0.879727285136
# fmortt_dev_era2:
 1.57003264965 1.32904766509 2.13280991025 0.820890866621 0.0918491882274 0.00827214438055 -0.0599790781942 0.180906928089 0.202476705016 0.0530912240690 -0.184569538915 0.252614460969 0.634933624047 -0.139154478226 0.202925620699 -0.297052894269 -0.408787561194 -0.0704257938605 -0.612421360324 -0.611005453604 -0.563922216020 -0.717994774084 -0.753035129133 -0.700852820455 -0.722397336297 -0.709443404422 -0.473968950544 -0.454840197569
# discard_mult:
1.00000000000
# Fem_F_prop_constant:
0.500000050000
# log_avg_sel50_mn:
4.66635734634
# log_sel50_dev_mn:
 0.00000000000 0.00000000000 0.00000000000 0.00000000000 0.00000000000 0.00000000000 0.00000000000 0.00000000000 0.00000000000 0.00000000000 0.00000000000 0.00000000000 0.00000000000 0.00000000000 0.00000000000 0.00000000000 0.00000000000 0.00000000000 0.00000000000 0.00000000000 0.00000000000 0.00000000000 0.00000000000 0.00000000000 0.00000000000 0.00000000000 0.00000000000 0.00000000000 0.00000000000 0.00000000000 0.00000000000 0.00000000000 0.00000000000 0.00000000000 0.00000000000 0.00000000000 0.00000000000 0.00000000000 0.00000000000
# log_avg_sel50_mo:
4.50000000000
# log_sel50_dev_mo:
 0.00000000000 0.00000000000 0.00000000000 0.00000000000 0.00000000000 0.00000000000 0.00000000000 0.00000000000 0.00000000000 0.00000000000 0.00000000000 0.00000000000 0.00000000000 0.00000000000 0.00000000000 0.00000000000 0.00000000000 0.00000000000 0.00000000000 0.00000000000 0.00000000000 0.00000000000 0.00000000000 0.00000000000 0.00000000000 0.00000000000 0.00000000000 0.00000000000 0.00000000000 0.00000000000 0.00000000000 0.00000000000 0.00000000000 0.00000000000 0.00000000000 0.00000000000 0.00000000000 0.00000000000 0.00000000000
# fish_slope_mn:
0.207257269634
# fish_slope_mo:
0.450000000000
# fish_fit_slope_mn:
0.420610673110
# fish_fit_sel50_mn:
95.6153530084
# fish_fit_slope_mo:
0.275000000000
# fish_fit_sel50_mo:
100.000000000
# fish_slope_mo2:
1.95000000000
# fish_sel50_mo2:
159.500000000
# fish_slope_mn2:
1.00500000000
# fish_sel50_mn2:
130.000000000
# fish_disc_slope_f:
0.289798401155
# fish_disc_sel50_f:
4.18589408184
# log_dev_50f:
 0.00000000000 0.00000000000 0.00000000000 0.00000000000 0.00000000000 0.00000000000 0.00000000000 0.00000000000 0.00000000000 0.00000000000 0.00000000000 0.00000000000 0.00000000000 0.00000000000 0.00000000000 0.00000000000 0.00000000000 0.00000000000 0.00000000000 0.00000000000 0.00000000000 0.00000000000 0.00000000000 0.00000000000 0.00000000000
# fish_disc_slope_tf:
0.0800153304334
# fish_disc_sel50_tf:
116.585734757
# srv1_q:
0.625613107797
# srv1_q_f:
0.577333297245
# srv1_sel95:
63.7931648411
# srv1_sel50:
36.5119281951
# srv2_q:
0.357901717593
# srv2_q_f:
0.863449476458
# srv2_sel95:
64.3062411160
# srv2_sel50:
44.8536150353
# srv3_q:
0.472677968673
# srv3_sel95:
72.5857800905
# srv3_sel50:
46.3946694560
# srv3_q_f:
0.999999971291
# srv3_sel95_f:
54.2027137471
# srv3_sel50_f:
41.7508803029
# srvind_q:
0.999994648808
# srvind_q_f:
0.171958066664
# srvind_sel95_f:
55.8324830145
# srvind_sel50_f:
50.6019644830
# srv10ind_q:
0.585107516061
# srv10ind_q_f:
0.963671802355
# srv10ind_sel95_f:
26.4042645794
# srv10ind_sel50_f:
24.1180932646
# selsmo10ind:
 19.8701377726 19.8671795179 19.8642047449 19.8613191855 19.8585585360 19.8560901684 19.8538609990 19.8519265898 19.8505398518 19.8496055062 19.8491972360 19.8492975391 19.8498396833 19.8508611668 19.8522422709 19.8539868430 19.8560290133 19.8582967172 19.8607020713 19.8631666636 19.8656357144 19.8680886582
# selsmo09ind:
 -10.6927412029 -9.44920144771 -8.20602575065 -6.96667205328 -5.74386039589 -4.57331842542 -3.52012609812 -2.68583317345 -2.13050929643 -1.78285321290 -1.56831837880 -1.38299672463 -1.17827067584 -1.02343637755 -1.02878202213 -1.16740216851 -1.31031696315 -1.35404040383 -1.26166022985 -1.06423789704 -0.822562977933 -0.567941521954
# Mmult_imat:
0.983273505024
# Mmult:
1.03630740867
# Mmultf:
1.09605634645
# m_dev_m:
 0.997341082828 0.811143153799 0.565225754629 0.212426724161 -0.0272828239429 -0.0106337182084 0.227457062214 0.602292692505 1.01963988637 1.35368571161 1.42442174235 1.24067706278 1.39069577189 1.61757421099 1.76682532429 1.16276739179 1.00064995476 0.945975849384 1.05568033749 1.23831402393 1.26419608805 1.11908391052 0.979980561881 0.954034370593 0.948069660123 0.902753597073 0.707076157729 0.266155833867 -0.351395794921 -1.02868277603 -1.67232070068 -2.21548122766 -2.61817352512 -2.86799982154 -2.98067189550 -3.00037582723 -3.00037599534 -3.00037462603 -3.00037518541
# m_dev_f:
 0.975095232587 1.43360523998 1.72754182015 1.65002577050 1.34505789685 0.984929726665 0.715022183950 0.651602798673 0.760482282483 0.958124511797 1.12127674518 1.16241959523 1.06637848287 0.907334567124 0.754064811839 0.701013911433 0.730849154648 0.803341460533 0.950940432509 1.12884057267 1.32165265106 1.53508168305 1.69408170745 1.67594667335 1.40483464987 0.915999737483 0.282289908611 -0.435373787923 -1.15948260443 -1.81044102279 -2.33391045420 -2.70281304074 -2.91581543824 -2.99791379869 -3.00041678074 -3.00041707589 -3.00041634406 -3.00041712362 -3.00041673721
# cpueq:
0.000734796537339
# proprecn:
1.00000000000
