ParName   Value   Gradient
mateste(1)     -3.90904 -0.000190907
mateste(2)     -3.50882  -0.00164047
mateste(3)     -3.10861   -0.0101278
mateste(4)     -2.70847   -0.0329891
mateste(5)     -2.31164   -0.0563562
mateste(6)     -1.94396   -0.0857671
mateste(7)     -1.63712    -0.117686
mateste(8)     -1.40484    -0.129406
mateste(9)     -1.26035    -0.149022
mateste(10)     -1.16113    -0.169919
mateste(11)      -1.0983    -0.154362
mateste(12)     -1.08348    -0.139589
mateste(13)     -1.01331    -0.169248
mateste(14)    -0.793948    -0.212813
mateste(15)    -0.442522    -0.228332
mateste(16)     -0.11001    -0.142543
mateste(17)  -4.0755e-08     0.142169
matestfe(1)     -3.40051   0.00026301
matestfe(2)     -2.62937 -0.000248265
matestfe(3)      -1.8582  1.02657e-05
matestfe(4)     -1.09214  0.000620619
matestfe(5)    -0.396997 -0.000562393
matestfe(6)   -0.0825213  0.000113912
matestfe(7)   -0.0868997 -0.000301064
matestfe(8)   -0.0381311 -6.16577e-05
mean_log_rec_f      13.9204   0.00103059
mean_log_rec_m      14.2208     0.316921
rec_devf(1982)     -1.11731 -0.000601835
rec_devf(1983)     -1.19798 -0.000826857
rec_devf(1984)   0.00907497  -0.00138959
rec_devf(1985)      1.65595  0.000853714
rec_devf(1986)      1.15839  0.000303075
rec_devf(1987)     0.975326  -0.00034713
rec_devf(1988)    -0.164352  6.30582e-05
rec_devf(1989)     0.737579 -0.000197646
rec_devf(1990)     0.518221  4.89449e-05
rec_devf(1991)     0.903947  -0.00019308
rec_devf(1992)     0.952569  0.000342666
rec_devf(1993)     0.917475 -0.000466586
rec_devf(1994)    -0.376077  -0.00129014
rec_devf(1995)    -0.577351 -0.000694656
rec_devf(1996)    -0.792922 -0.000933154
rec_devf(1997)    -0.540997 -0.000310574
rec_devf(1998)     0.136476 -3.05319e-05
rec_devf(1999)    -0.663773 -0.000432889
rec_devf(2000)    -0.671193  -0.00057003
rec_devf(2001)    -0.671923  -0.00050503
rec_devf(2002)   0.00769029  -0.00089084
rec_devf(2003)     0.725422 -0.000225782
rec_devf(2004)    0.0491587  5.51208e-05
rec_devf(2005)    -0.191767   0.00132481
rec_devf(2006)    -0.769333  0.000681704
rec_devf(2007)    -0.946611   0.00153993
rec_devf(2008)      1.04469     0.011016
rec_devf(2009)     0.700305   0.00303919
rec_devf(2010)      0.13929 -0.000480736
rec_devf(2011)    -0.257207 -0.000617089
rec_devf(2012)    -0.284796 -0.000744882
rec_devf(2013)    -0.310169 -0.000959084
rec_devf(2014)    -0.297205 -0.000508272
rec_devf(2015)    -0.270231  -0.00111107
rec_devf(2016)    -0.238524  -0.00143994
rec_devf(2017)    -0.186434 -0.000806093
rec_devf(2018)    -0.102862  -0.00131475
rec_devf(2019)  -0.00251129  -0.00133017
rec_devf(2020) -1.66853e-05   -0.0014439
rec_devm(1982)     0.177492    -0.480214
rec_devm(1983)     0.388563    -0.267946
rec_devm(1984)     0.595669  -0.00828876
rec_devm(1985)      1.83139     0.470403
rec_devm(1986)      0.31709   -0.0907097
rec_devm(1987)      1.65156     0.249598
rec_devm(1988)     -1.00796    -0.159248
rec_devm(1989)     0.103806   -0.0551757
rec_devm(1990)     0.194357     0.110016
rec_devm(1991)      2.31761      4.15779
rec_devm(1992)   -0.0694668     0.222405
rec_devm(1993)     0.602596       0.2526
rec_devm(1994)    -0.818612    -0.148309
rec_devm(1995)     -1.42908    -0.174988
rec_devm(1996)     -1.10417    -0.170668
rec_devm(1997)     0.615055   -0.0787039
rec_devm(1998)    0.0146056    -0.114066
rec_devm(1999)    -0.986302    -0.158568
rec_devm(2000)     -1.00033    -0.164619
rec_devm(2001)  -0.00762483    -0.147135
rec_devm(2002)     0.518308   -0.0775999
rec_devm(2003)     0.492089   -0.0386554
rec_devm(2004)     0.224566    -0.117725
rec_devm(2005)    -0.592481    -0.178447
rec_devm(2006)     -1.28822    -0.190744
rec_devm(2007)    -0.485176    -0.193591
rec_devm(2008)     0.945651    -0.196428
rec_devm(2009)    -0.179805    -0.192944
rec_devm(2010)    0.0582868    -0.191689
rec_devm(2011)    -0.354277    -0.191548
rec_devm(2012)    -0.342565    -0.191566
rec_devm(2013)    -0.373593    -0.191574
rec_devm(2014)    -0.436529    -0.191071
rec_devm(2015)    -0.358905    -0.191653
rec_devm(2016)    -0.163327    -0.192014
rec_devm(2017)   -0.0399034     -0.19202
rec_devm(2018)  -0.00856733    -0.192008
rec_devm(2019)   -0.0017834    -0.192025
rec_devm(2020) -1.32905e-05    -0.192093
mnatlen_styr(1,1)       11.942  -0.00834756
mnatlen_styr(1,2)      11.9959   -0.0125425
mnatlen_styr(1,3)      12.1898   -0.0155753
mnatlen_styr(1,4)      12.4694   -0.0174157
mnatlen_styr(1,5)      12.6778   -0.0121307
mnatlen_styr(1,6)      12.5991   0.00403769
mnatlen_styr(1,7)      12.4355    0.0166413
mnatlen_styr(1,8)      12.3043    0.0207118
mnatlen_styr(1,9)      12.2201    0.0273036
mnatlen_styr(1,10)      12.0086    0.0340158
mnatlen_styr(1,11)      11.7163    0.0260035
mnatlen_styr(1,12)      11.6355    0.0202192
mnatlen_styr(1,13)      11.5312    0.0236202
mnatlen_styr(1,14)      10.6841    0.0169816
mnatlen_styr(1,15)       9.4229   0.00669156
mnatlen_styr(1,16)      8.38443   0.00257337
mnatlen_styr(1,17)      7.58099  0.000223632
mnatlen_styr(1,18)      6.98189  8.07356e-05
mnatlen_styr(1,19)      6.53168  0.000884423
mnatlen_styr(1,20)      6.19179   0.00152672
mnatlen_styr(1,21)      5.95537  0.000705433
mnatlen_styr(1,22)      5.83424  0.000214829
mnatlen_styr(2,1)       1.6927   4.3904e-05
mnatlen_styr(2,2)      3.10972 -0.000258411
mnatlen_styr(2,3)      4.52675  0.000175999
mnatlen_styr(2,4)      5.94374 -7.18774e-05
mnatlen_styr(2,5)      7.36022   0.00075302
mnatlen_styr(2,6)      8.76839  0.000125321
mnatlen_styr(2,7)      10.0381  -0.00020484
mnatlen_styr(2,8)      11.0574 -0.000978775
mnatlen_styr(2,9)      11.7744 -0.000784892
mnatlen_styr(2,10)      12.2084  -0.00041715
mnatlen_styr(2,11)      12.4136  0.000418975
mnatlen_styr(2,12)      12.4536  0.000203651
mnatlen_styr(2,13)      12.3879 -0.000509647
mnatlen_styr(2,14)      12.2321  6.48639e-05
mnatlen_styr(2,15)      11.9581   0.00382731
mnatlen_styr(2,16)      11.5192     0.011574
mnatlen_styr(2,17)      10.8212    0.0133333
mnatlen_styr(2,18)      9.91602   0.00931245
mnatlen_styr(2,19)      8.88359   0.00308224
mnatlen_styr(2,20)      7.78507   0.00249713
mnatlen_styr(2,21)      6.66029   0.00063962
mnatlen_styr(2,22)      5.52934  0.000288463
fnatlen_styr(1,1)      10.5641 -0.000219329
fnatlen_styr(1,2)      10.6989  1.50286e-05
fnatlen_styr(1,3)       11.036 -0.000627447
fnatlen_styr(1,4)      11.5735   0.00038534
fnatlen_styr(1,5)      12.7639  0.000509643
fnatlen_styr(1,6)      13.5594    0.0007161
fnatlen_styr(1,7)      12.8822  0.000382159
fnatlen_styr(1,8)      11.9092  0.000287287
fnatlen_styr(1,9)      10.8938  0.000181177
fnatlen_styr(1,10)      9.93476  0.000107575
fnatlen_styr(1,11)      9.35652 -0.000456314
fnatlen_styr(1,12)      9.09788 -0.000184689
fnatlen_styr(2,1)      10.4378  0.000196908
fnatlen_styr(2,2)      10.5176  0.000173496
fnatlen_styr(2,3)      10.7675 -0.000749157
fnatlen_styr(2,4)      11.3668   0.00015506
fnatlen_styr(2,5)        12.47 -0.000262402
fnatlen_styr(2,6)      13.1428  0.000355314
fnatlen_styr(2,7)      12.6995  0.000358876
fnatlen_styr(2,8)      11.8188   7.4326e-05
fnatlen_styr(2,9)      10.9789  0.000215271
fnatlen_styr(2,10)      10.0384  0.000345172
fnatlen_styr(2,11)      9.43503 -0.000104683
fnatlen_styr(2,12)      9.15878 -0.000147993
log_avg_fmort    -0.179695     0.192931
fmort_dev(1982)      -0.8122   -0.0264438
fmort_dev(1983)     -1.45767   -0.0369421
fmort_dev(1984)    -0.788653     0.015548
fmort_dev(1985)    -0.271644    0.0829769
fmort_dev(1986)     0.105577  -0.00417564
fmort_dev(1987)     0.762386   -0.0869853
fmort_dev(1988)     0.821939    -0.142033
fmort_dev(1989)     0.507889   -0.0442252
fmort_dev(1990)      1.13619     0.047698
fmort_dev(1991)      1.46822   -0.0406563
fmort_dev(1992)      1.35499   0.00795931
fmort_dev(1993)     0.672432    -0.011656
fmort_dev(1994)     0.382583   -0.0380524
fmort_dev(1995)    0.0750751   -0.0122993
fmort_dev(1996)   -0.0046418    0.0596378
fmort_dev(1997)     0.189908     0.547264
fmort_dev(1998)     0.308511     0.263466
fmort_dev(1999)     -1.15287   -0.0273038
fmort_dev(2000)     -1.01589   -0.0327645
fmort_dev(2001)    -0.155452   -0.0279382
fmort_dev(2002)    -0.530709   -0.0330107
fmort_dev(2003)     -1.16561    -0.033006
fmort_dev(2004)     -1.11847   -0.0306191
fmort_dev(2005)    -0.369804    -0.018067
fmort_dev(2006)    -0.348308   -0.0370984
fmort_dev(2007)    -0.158394   -0.0405072
fmort_dev(2008)    -0.655018   -0.0226311
fmort_dev(2009)     -1.17076   -0.0049199
fmort_dev(2010)     -1.18203    0.0018965
fmort_dev(2011)    -0.612719   -0.0398895
fmort_dev(2012)     0.608208   -0.0425248
fmort_dev(2013)     0.644892   -0.0424411
fmort_dev(2014)     0.722468   -0.0422137
fmort_dev(2015)     0.700502   -0.0422871
fmort_dev(2016)     0.606501   -0.0425018
fmort_dev(2017)     0.412568   -0.0425516
fmort_dev(2018)     0.532476   -0.0406403
fmort_dev(2019)     0.957523   -0.0379771
log_avg_fmortdf     -6.94777  8.58142e-05
fmortdf_dev(1982)   -0.0774448 -0.000298062
fmortdf_dev(1983)   -0.0677628  7.35953e-05
fmortdf_dev(1984)   -0.0617815 -0.000139765
fmortdf_dev(1985)   -0.0656481 -0.000272598
fmortdf_dev(1986)   -0.0496598 -0.000103816
fmortdf_dev(1987)    0.0197892   4.2961e-05
fmortdf_dev(1988)   -0.0105255  5.09002e-05
fmortdf_dev(1989)    0.0349151  0.000326417
fmortdf_dev(1990)    0.0934836 -0.000346018
fmortdf_dev(1991)     0.184681 -6.06778e-05
fmortdf_dev(1992)     0.997233 -0.000204813
fmortdf_dev(1993)     0.354452  -4.7054e-05
fmortdf_dev(1994)     0.175152 -0.000243333
fmortdf_dev(1995)    -0.102937 -0.000112537
fmortdf_dev(1996)     0.288509 -0.000443875
fmortdf_dev(1997)    -0.117286  3.07316e-05
fmortdf_dev(1998)   -0.0863775 -0.000106556
fmortdf_dev(1999)   -0.0930268 -0.000771348
fmortdf_dev(2000)   -0.0901011 -7.64428e-05
fmortdf_dev(2001)   -0.0839742 -0.000398469
fmortdf_dev(2002)    -0.071331 -0.000368895
fmortdf_dev(2003)   -0.0729592 -0.000430237
fmortdf_dev(2004)   -0.0724798  0.000345312
fmortdf_dev(2005)   -0.0750149  1.16555e-05
fmortdf_dev(2006)     -0.08375 -0.000210135
fmortdf_dev(2007)   -0.0662266 -0.000306531
fmortdf_dev(2008)   -0.0744442  0.000605105
fmortdf_dev(2009)   -0.0816655  0.000246972
fmortdf_dev(2010)     -0.15519 -0.000399094
fmortdf_dev(2011)       1.2949  0.000232402
fmortdf_dev(2012)    -0.246455  0.000323302
fmortdf_dev(2013)  -0.00848559  0.000223816
fmortdf_dev(2014)     0.778492 -0.000250177
fmortdf_dev(2015)   -0.0755585  0.000172056
fmortdf_dev(2016)    -0.499195  8.47774e-05
fmortdf_dev(2017)    -0.540291 -4.10724e-05
fmortdf_dev(2018)    -0.568339  0.000104805
fmortdf_dev(2019)      -0.6237  0.000301277
log_avg_fmortt     -5.03478  -0.00776796
fmortt_dev_era1(1982)     0.231256  0.000936108
fmortt_dev_era1(1983)     0.221294  0.000126916
fmortt_dev_era1(1984)     0.163071 -0.000106583
fmortt_dev_era1(1985)     0.106199   0.00118035
fmortt_dev_era1(1986)    -0.342699  0.000809502
fmortt_dev_era1(1987)    -0.337136   0.00188493
fmortt_dev_era1(1988)    -0.437136  0.000874719
fmortt_dev_era1(1989)    -0.507747 -0.000344228
fmortt_dev_era1(1990)    0.0231721 -0.000576046
fmortt_dev_era1(1991)     0.879727  2.40254e-05
fmortt_dev_era2(1992)      1.57003 -9.04042e-06
fmortt_dev_era2(1993)      1.32905  -0.00143828
fmortt_dev_era2(1994)      2.13281  -0.00325636
fmortt_dev_era2(1995)     0.820891   -0.0028578
fmortt_dev_era2(1996)    0.0918492  -0.00393217
fmortt_dev_era2(1997)   0.00827214  -0.00425364
fmortt_dev_era2(1998)   -0.0599791 -0.000366343
fmortt_dev_era2(1999)     0.180907  0.000769085
fmortt_dev_era2(2000)     0.202477  0.000354602
fmortt_dev_era2(2001)    0.0530912   0.00109437
fmortt_dev_era2(2002)     -0.18457   0.00123652
fmortt_dev_era2(2003)     0.252614    0.0004278
fmortt_dev_era2(2004)     0.634934  0.000346088
fmortt_dev_era2(2005)    -0.139154   0.00124182
fmortt_dev_era2(2006)     0.202926   0.00028746
fmortt_dev_era2(2007)    -0.297053    0.0011349
fmortt_dev_era2(2008)    -0.408788  0.000581921
fmortt_dev_era2(2009)   -0.0704258  0.000600921
fmortt_dev_era2(2010)    -0.612421   0.00067621
fmortt_dev_era2(2011)    -0.611005  0.000594365
fmortt_dev_era2(2012)    -0.563922  0.000838736
fmortt_dev_era2(2013)    -0.717995    0.0014661
fmortt_dev_era2(2014)    -0.753035   0.00108526
fmortt_dev_era2(2015)    -0.700853  0.000908462
fmortt_dev_era2(2016)    -0.722397  0.000916388
fmortt_dev_era2(2017)    -0.709443   0.00078197
fmortt_dev_era2(2018)    -0.473969   0.00113771
fmortt_dev_era2(2019)     -0.45484  0.000816412
Fem_F_prop_constant          0.5            0
log_avg_sel50_mn      4.66636     -1.03223
fish_slope_mn     0.207257   -0.0283074
fish_fit_slope_mn     0.420611   0.00390334
fish_fit_sel50_mn      95.6154   -0.0502354
fish_disc_slope_f     0.289798 -0.000492991
fish_disc_sel50_f      4.18589  0.000571533
fish_disc_slope_tf    0.0800153   0.00406173
fish_disc_sel50_tf      116.586   0.00209292
srv2_q     0.357902 -0.000150069
srv2_q_f     0.863449  7.34338e-05
srv2_sel95      64.3062 -0.000882317
srv2_sel50      44.8536  0.000808597
srv3_q     0.472678  0.000324917
srv3_sel95      72.5858 -0.000293812
srv3_sel50      46.3947 -0.000440661
srv3_sel95_f      54.2027  2.81529e-05
srv3_sel50_f      41.7509  -0.00167762
srvind_q     0.999995  -1.2458e-06
srvind_q_f     0.171958  0.000484965
srvind_sel95_f      55.8325 -0.000706313
srvind_sel50_f       50.602 -0.000185314
srv10ind_q     0.585108 -0.000862213
srv10ind_q_f     0.963672  7.33342e-06
selsmo10ind(1)      19.8701   0.00058973
selsmo10ind(2)      19.8672   0.00441955
selsmo10ind(3)      19.8642   0.00255891
selsmo10ind(4)      19.8613  -0.00486375
selsmo10ind(5)      19.8586  -0.00822164
selsmo10ind(6)      19.8561  -0.00408781
selsmo10ind(7)      19.8539   0.00748186
selsmo10ind(8)      19.8519   -0.0132855
selsmo10ind(9)      19.8505  -0.00647786
selsmo10ind(10)      19.8496   0.00350586
selsmo10ind(11)      19.8492   0.00189504
selsmo10ind(12)      19.8493  -0.00401286
selsmo10ind(13)      19.8498   0.00604039
selsmo10ind(14)      19.8509  -0.00473253
selsmo10ind(15)      19.8522    0.0026568
selsmo10ind(16)       19.854  0.000234069
selsmo10ind(17)       19.856 -0.000594578
selsmo10ind(18)      19.8583  0.000354256
selsmo10ind(19)      19.8607 -0.000875379
selsmo10ind(20)      19.8632  -0.00125585
selsmo10ind(21)      19.8656    0.0013339
selsmo10ind(22)      19.8681  0.000579537
selsmo09ind(1)     -10.6927  0.000398764
selsmo09ind(2)      -9.4492 -0.000296595
selsmo09ind(3)     -8.20603 -0.000509662
selsmo09ind(4)     -6.96667  1.55048e-05
selsmo09ind(5)     -5.74386 -0.000497194
selsmo09ind(6)     -4.57332 -9.30442e-05
selsmo09ind(7)     -3.52013    1.932e-05
selsmo09ind(8)     -2.68583 -0.000378875
selsmo09ind(9)     -2.13051  0.000701481
selsmo09ind(10)     -1.78285 -0.000571711
selsmo09ind(11)     -1.56832 -0.000136215
selsmo09ind(12)       -1.383  0.000570832
selsmo09ind(13)     -1.17827  -0.00101315
selsmo09ind(14)     -1.02344   0.00150215
selsmo09ind(15)     -1.02878  -0.00124862
selsmo09ind(16)      -1.1674  0.000787264
selsmo09ind(17)     -1.31032 -0.000130187
selsmo09ind(18)     -1.35404  -0.00044553
selsmo09ind(19)     -1.26166  0.000620994
selsmo09ind(20)     -1.06424 -0.000667503
selsmo09ind(21)    -0.822563  0.000237283
selsmo09ind(22)    -0.567942  3.29113e-05
Mmult_imat     0.983274    -0.579085
Mmult      1.03631    -0.342581
Mmultf      1.09606 -0.000412282
m_dev_m(1982)     0.997341    0.0200368
m_dev_m(1983)     0.811143    0.0125724
m_dev_m(1984)     0.565226    0.0066204
m_dev_m(1985)     0.212427    0.0273324
m_dev_m(1986)   -0.0272828    0.0448645
m_dev_m(1987)   -0.0106337    0.0495875
m_dev_m(1988)     0.227457    0.0455743
m_dev_m(1989)     0.602293   0.00751473
m_dev_m(1990)      1.01964   -0.0429976
m_dev_m(1991)      1.35369    0.0056304
m_dev_m(1992)      1.42442  -0.00515239
m_dev_m(1993)      1.24068   0.00589757
m_dev_m(1994)       1.3907    0.0150721
m_dev_m(1995)      1.61757     -0.01684
m_dev_m(1996)      1.76683    -0.180581
m_dev_m(1997)      1.16277    -0.355184
m_dev_m(1998)      1.00065     -0.10514
m_dev_m(1999)     0.945976     0.018486
m_dev_m(2000)      1.05568    0.0196085
m_dev_m(2001)      1.23831    0.0198454
m_dev_m(2002)       1.2642    0.0205521
m_dev_m(2003)      1.11908    0.0173561
m_dev_m(2004)     0.979981    0.0166033
m_dev_m(2005)     0.954034    0.0185297
m_dev_m(2006)      0.94807    0.0258496
m_dev_m(2007)     0.902754    0.0245693
m_dev_m(2008)     0.707076    0.0163284
m_dev_m(2009)     0.266156    0.0180802
m_dev_m(2010)    -0.351396     0.028276
m_dev_m(2011)     -1.02868    0.0296479
m_dev_m(2012)     -1.67232     0.025879
m_dev_m(2013)     -2.21548    0.0210987
m_dev_m(2014)     -2.61817    0.0165411
m_dev_m(2015)       -2.868   0.00857429
m_dev_m(2016)     -2.98067  -0.00626713
m_dev_m(2017)     -3.00038   0.00501863
m_dev_m(2018)     -3.00038 -0.000175155
m_dev_m(2019)     -3.00037    0.0048231
m_dev_m(2020)     -3.00038  -0.00352822
m_dev_f(1982)     0.975095   0.00193971
m_dev_f(1983)      1.43361    0.0017991
m_dev_f(1984)      1.72754  0.000787129
m_dev_f(1985)      1.65003   0.00151216
m_dev_f(1986)      1.34506   0.00175402
m_dev_f(1987)      0.98493   0.00188885
m_dev_f(1988)     0.715022   0.00133926
m_dev_f(1989)     0.651603   0.00159252
m_dev_f(1990)     0.760482    0.0013629
m_dev_f(1991)     0.958125    0.0015824
m_dev_f(1992)      1.12128   0.00143276
m_dev_f(1993)      1.16242   0.00166199
m_dev_f(1994)      1.06638   0.00150995
m_dev_f(1995)     0.907335   0.00193703
m_dev_f(1996)     0.754065    0.0012801
m_dev_f(1997)     0.701014   0.00136382
m_dev_f(1998)     0.730849   0.00138802
m_dev_f(1999)     0.803341   0.00210124
m_dev_f(2000)      0.95094   0.00150691
m_dev_f(2001)      1.12884   0.00220832
m_dev_f(2002)      1.32165   0.00168558
m_dev_f(2003)      1.53508   0.00100674
m_dev_f(2004)      1.69408    0.0013593
m_dev_f(2005)      1.67595   0.00157022
m_dev_f(2006)      1.40483    0.0015755
m_dev_f(2007)        0.916   0.00190291
m_dev_f(2008)      0.28229   0.00116744
m_dev_f(2009)    -0.435374   0.00165971
m_dev_f(2010)     -1.15948    0.0015926
m_dev_f(2011)     -1.81044  0.000958332
m_dev_f(2012)     -2.33391   0.00158969
m_dev_f(2013)     -2.70281   0.00185607
m_dev_f(2014)     -2.91582  -0.00159924
m_dev_f(2015)     -2.99791  0.000396311
m_dev_f(2016)     -3.00042  -0.00804517
m_dev_f(2017)     -3.00042  -0.00173128
m_dev_f(2018)     -3.00042   0.00283401
m_dev_f(2019)     -3.00042  -0.00753218
m_dev_f(2020)     -3.00042   0.00159983
cpueq  0.000734797 -5.81996e-05
