# Number of parameters = 440 Objective function value = 456.030257333886  Maximum gradient component = 0.00350634256165431
# af:
-1.15390000000
# am:
2.04920000000
# bf:
1.33890000000
# bm:
1.22580000000
# bf1:
1.15108525751
# deltaf:
120.000000000
# st_gr:
0.500000000000
# growth_beta:
 0.750000000000 0.750000000000
# matest50f:
45.0000000000
# matestslpf:
0.275000000000
# matest50m:
85.0000000000
# matestslpm:
0.260000000000
# mateste:
 -4.34050046330 -3.89311095897 -3.44572177956 -2.99864893704 -2.55685816040 -2.14723922042 -1.80141940248 -1.53414073266 -1.36377830897 -1.23985702287 -1.15083371394 -1.13928534843 -1.11281752979 -0.934333588489 -0.581867889564 -0.180923918856 -1.76421899312e-09
# matestfe:
 -3.98171937753 -3.08194611095 -2.18215893204 -1.28824056790 -0.478606024676 -0.100726806547 -0.0996897679170 -0.0377471804969
# moltp_af:
2.00000000000
# moltp_bf:
150.000000000
# moltp_am:
1.52000000000
# moltp_bm:
215.000000000
# moltp_ammat:
0.0500000000000
# moltp_bmmat:
105.000000000
# mean_log_rec_f:
13.6649584084
# mean_log_rec_m:
13.7129566494
# rec_devf:
 -1.10069302703 -1.03996256125 0.164597263436 1.83576770424 1.23889309781 0.555011619444 -0.219688219279 0.636121721904 0.543356266301 0.957020271207 1.00695118294 0.833932471478 -0.537689896147 -0.811469719921 -0.914386438581 -0.631036842452 -0.107016319158 -0.769736445915 -0.857719023367 -0.842480498360 0.0190208634355 0.797547534173 0.0742900282880 -0.0199678522085 -0.655351791575 -0.753644584797 1.08538660498 0.0296806126945 -0.540708847187 -0.377728711810 -0.0869349482381 0.115905632740 1.28308691536 -0.308075612434 -0.274270591633 -0.212017163187 -0.113014015322 -0.00297665160287 -2.89728240032e-08
# rec_devm:
 0.562264905526 0.716820041462 0.904673437132 2.09486791162 0.931219067756 1.83854112528 -1.15442529212 0.0944572696695 0.134935735507 2.45975333971 0.0802131566480 0.377801560056 -1.02058804901 -1.57852057634 -1.24941552154 0.551838625240 -0.0127778654392 -1.01509297276 -0.993127506687 0.0341921449245 0.679335062272 0.525889701583 0.464472406734 -0.515798723725 -1.62585132350 -1.52411735009 0.0500074169160 -0.850565428069 -1.18750368465 -0.141860172996 -0.100231439144 -0.243020705127 1.21696357325 -0.315723460519 -0.144741895284 -0.0355560854197 -0.00768140874616 -0.00164700676961 -1.33465962157e-08
# alpha1_rec:
11.5000000000
# beta_rec:
4.00000000000
# mnatlen_styr:
 11.8340254825 11.8830786108 12.0571642578 12.3078428620 12.4838691849 12.3941922958 12.2070562126 12.0358226123 11.9612754989 11.7487016177 11.3954615895 11.3071195474 11.3093234516 10.5099363778 9.23321804062 8.18563854329 7.39306881977 6.80983329764 6.37515702604 6.04952381999 5.82416223706 5.70881933716
 1.87895002111 3.25057513820 4.62219753946 5.99377681871 7.36472330044 8.72634447340 9.94697959249 10.9159846234 11.5874277674 11.9887837193 12.1792546797 12.2236802802 12.1788282331 12.0517758407 11.7992475418 11.3759724658 10.6946129939 9.80376764685 8.78027038266 7.68662508146 6.56480209250 5.43633222547
# fnatlen_styr:
 10.3494661188 10.4706096801 10.8105425755 11.3647452634 12.5525427474 13.4187008657 12.7609708431 11.8015286114 10.7874702865 9.82885992770 9.25099035677 8.99226320032
 10.3405131002 10.4234541028 10.6850171644 11.3171395600 12.4779193552 13.1033676257 12.6365045892 11.7327820285 10.8827507569 9.93785145546 9.33287569316 9.05580499055
# log_avg_fmort:
-0.0850953596310
# fmort_dev:
 -0.856903379248 -1.41927247854 -0.756187304972 -0.241796567654 0.154119386460 0.892816443145 1.04847287975 0.735840752854 1.40462089699 1.58212189752 1.23657923458 0.606809764226 0.340123313709 0.0955129537273 -0.0647941487514 0.225855624330 0.393884421524 -0.998006824042 -0.951929017524 -0.216724738007 -0.498272396772 -1.08636582021 -1.08565428922 -0.407010861442 -0.368596854915 -0.128947701364 -0.561820503504 -0.999584530222 -0.898242613266 -0.0222831774707 0.327232628269 0.367389895681 0.628523041684 0.146887109107 -0.0462128142368 -0.0676635691735 0.337749465368 1.15172988161
# log_avg_fmortdf:
-6.36797524771
# fmortdf_dev:
 -0.112177991058 -0.0923321905097 -0.0674306030472 -0.0711219718879 -0.0463012830070 -0.0182340548097 -0.168475130375 -0.162861007553 -0.0842264585357 0.0728634582982 0.855006876466 0.392845738679 0.147599224753 -0.200205371840 0.265119661545 -0.192293777322 -0.136315414753 -0.137630912617 -0.127871836676 -0.118514650920 -0.0950019057654 -0.0942580877912 -0.0919679862117 -0.102739723896 -0.122033624331 -0.0939758142070 -0.0995523644166 -0.0981998903690 -0.147729119291 1.55627287332 -0.0951322422573 0.213025020781 1.27926058924 0.168439867286 -0.397535931024 -0.526113684550 -0.593747033793 -0.656453247548
# log_avg_fmortt:
-4.91205006468
# fmortt_dev_era1:
 0.233320747816 0.227091332601 0.149114892291 0.0908180189489 -0.312163574199 -0.299451511329 -0.385768383731 -0.453800000808 -0.00850606540168 0.759344543812
# fmortt_dev_era2:
 1.38227575014 1.17023493010 2.03029113480 0.761651201481 -0.0248536570113 -0.0853227550216 -0.138280238511 0.139168167005 0.119054226064 -0.0529063081576 -0.289172679776 0.162230458703 0.545496581502 -0.255497278396 0.0858851192979 -0.403523392921 -0.492357887941 -0.0977353341651 -0.603168787324 -0.489468317880 -0.238992681597 -0.352433318900 -0.345897127489 -0.336038386068 -0.486688214327 -0.605472773868 -0.487949145791 -0.610529283953
# discard_mult:
1.00000000000
# Fem_F_prop_constant:
0.500000050000
# log_avg_sel50_mn:
4.66376315582
# log_sel50_dev_mn:
 0.00000000000 0.00000000000 0.00000000000 0.00000000000 0.00000000000 0.00000000000 0.00000000000 0.00000000000 0.00000000000 0.00000000000 0.00000000000 0.00000000000 0.00000000000 0.00000000000 0.00000000000 0.00000000000 0.00000000000 0.00000000000 0.00000000000 0.00000000000 0.00000000000 0.00000000000 0.00000000000 0.00000000000 0.00000000000 0.00000000000 0.00000000000 0.00000000000 0.00000000000 0.00000000000 0.00000000000 0.00000000000 0.00000000000 0.00000000000 0.00000000000 0.00000000000 0.00000000000 0.00000000000 0.00000000000
# log_avg_sel50_mo:
4.50000000000
# log_sel50_dev_mo:
 0.00000000000 0.00000000000 0.00000000000 0.00000000000 0.00000000000 0.00000000000 0.00000000000 0.00000000000 0.00000000000 0.00000000000 0.00000000000 0.00000000000 0.00000000000 0.00000000000 0.00000000000 0.00000000000 0.00000000000 0.00000000000 0.00000000000 0.00000000000 0.00000000000 0.00000000000 0.00000000000 0.00000000000 0.00000000000 0.00000000000 0.00000000000 0.00000000000 0.00000000000 0.00000000000 0.00000000000 0.00000000000 0.00000000000 0.00000000000 0.00000000000 0.00000000000 0.00000000000 0.00000000000 0.00000000000
# fish_slope_mn:
0.202499030679
# fish_slope_mo:
0.450000000000
# fish_fit_slope_mn:
0.450959025786
# fish_fit_sel50_mn:
95.9973833913
# fish_fit_slope_mo:
0.275000000000
# fish_fit_sel50_mo:
100.000000000
# fish_slope_mo2:
1.95000000000
# fish_sel50_mo2:
159.500000000
# fish_slope_mn2:
1.00500000000
# fish_sel50_mn2:
130.000000000
# fish_disc_slope_f:
0.266522050765
# fish_disc_sel50_f:
4.21885983010
# log_dev_50f:
 0.00000000000 0.00000000000 0.00000000000 0.00000000000 0.00000000000 0.00000000000 0.00000000000 0.00000000000 0.00000000000 0.00000000000 0.00000000000 0.00000000000 0.00000000000 0.00000000000 0.00000000000 0.00000000000 0.00000000000 0.00000000000 0.00000000000 0.00000000000 0.00000000000 0.00000000000 0.00000000000 0.00000000000 0.00000000000
# fish_disc_slope_tf:
0.0794823338737
# fish_disc_sel50_tf:
114.870491186
# srv1_q:
0.625613107797
# srv1_q_f:
0.577333297245
# srv1_sel95:
63.7931648411
# srv1_sel50:
36.5119281951
# srv2_q:
0.423461363136
# srv2_q_f:
0.910912850707
# srv2_sel95:
63.5816295078
# srv2_sel50:
44.3565312807
# srv3_q:
0.635661037783
# srv3_sel95:
65.2930567002
# srv3_sel50:
41.7568272095
# srv3_q_f:
0.999999971291
# srv3_sel95_f:
51.6412072824
# srv3_sel50_f:
39.1931280239
# srvind_q:
0.999995890875
# srvind_q_f:
0.185226862326
# srvind_sel95_f:
55.3234743255
# srvind_sel50_f:
50.3355700170
# srv10ind_q:
0.822355826587
# srv10ind_q_f:
0.999999815674
# srv10ind_sel95_f:
26.4042645794
# srv10ind_sel50_f:
24.1180932646
# selsmo10ind:
 16.7936694727 16.8092629161 16.8248563937 16.8404495825 16.8560425811 16.8716357604 16.8872283494 16.9028207512 16.9184130584 16.9340053983 16.9495977432 16.9651899924 16.9807820638 16.9963742486 17.0119664051 17.0275584900 17.0431503985 17.0587424217 17.0743344754 17.0899263941 17.1055182423 17.1211100310
# selsmo09ind:
 -9.08083419206 -8.03513796141 -6.98996546554 -5.94955216880 -4.92751688896 -3.95767002464 -3.09512279015 -2.41792384345 -1.97199448772 -1.68652286398 -1.49217632251 -1.29429798285 -1.05850961492 -0.870221623457 -0.851092427128 -0.980664662474 -1.12947219071 -1.19299232849 -1.13550722648 -0.984534636497 -0.794424721619 -0.592177121615
# Mmult_imat:
1.06251825938
# Mmult:
1.04288411714
# Mmultf:
1.20740337248
# m_dev_m:
 0.824649729122 0.620471645525 0.367566152773 0.0401287710017 -0.155539480228 -0.0985186705896 0.151102567378 0.491372313257 0.821953067724 1.03772465504 1.01300650940 0.835188011134 1.00287415175 1.25426421118 1.42533509130 0.813876644242 0.562497745952 0.468806166250 0.540991282003 0.683059522805 0.714630379418 0.616264128366 0.508189785235 0.472435265911 0.461196157021 0.448350644803 0.383173169219 0.229248380562 0.0402766593120 -0.128565675291 -0.338236013863 -0.644685144652 -1.05209261432 -1.52096628790 -1.98169299937 -2.37392474567 -2.66818391885 -2.86603823551 -3.00018902142
# m_dev_f:
 0.899140837951 1.25962497239 1.42063008259 1.18959153448 0.764546675274 0.356431433947 0.115184131180 0.117302582107 0.291959493735 0.532424229487 0.714451282141 0.763021311102 0.684054102575 0.558236703570 0.432811190505 0.370630448894 0.350420823264 0.352026603589 0.422293106063 0.530908779269 0.669595930670 0.850429074214 1.01874999222 1.07361826727 0.951873798008 0.725623296490 0.502181253021 0.328716359888 0.194249529477 0.0403428982104 -0.247996148566 -0.718756163736 -1.32483344921 -1.94644010776 -2.46296358215 -2.80790207788 -2.97129027885 -3.00044446572 -3.00044444969
# cpueq:
0.00108377326057
# proprecn:
1.00000000000
