# Number of parameters = 505 Objective function value = 1213.67571974507  Maximum gradient component = 0.00200677115793766
# af:
-1.15390000000
# am:
2.04920000000
# bf:
1.33890000000
# bm:
1.22580000000
# bf1:
1.15108525751
# deltaf:
120.000000000
# st_gr:
0.500000000000
# growth_beta:
 0.750000000000 0.750000000000
# matest50f:
45.0000000000
# matestslpf:
0.275000000000
# matest50m:
85.0000000000
# matestslpm:
0.260000000000
# mateste:
 -4.15338910720 -3.70698432499 -3.26057991539 -2.81482607389 -2.37599828254 -1.96990122419 -1.62601861146 -1.35682829398 -1.17565291129 -1.03369565384 -0.931264504427 -0.926612048385 -0.923206964397 -0.785558295241 -0.492953592650 -0.156241761253 -1.72723169101e-09
# matestfe:
 -4.06314144524 -3.14744632486 -2.23173566008 -1.32173728659 -0.495797375478 -0.103766300188 -0.0996341864782 -0.0348112331738
# moltp_af:
2.00000000000
# moltp_bf:
150.000000000
# moltp_am:
1.52000000000
# moltp_bm:
215.000000000
# moltp_ammat:
0.0500000000000
# moltp_bmmat:
105.000000000
# mean_log_rec_f:
14.3113781812
# mean_log_rec_m:
14.3711184911
# rec_devf:
 -1.28181419778 -1.25931038101 -0.0751762661473 1.52196556441 0.442353995200 -0.235917216123 -0.745493237525 0.116610804799 0.388088957552 1.08638094074 1.38446935815 1.41912480737 -0.121941992972 -0.412042836607 -0.396534886973 -0.115107848477 0.0840157210438 -0.540518630831 -0.618261396201 -0.935696718244 -0.257934521328 0.817436319810 0.623371095201 0.0871824508869 -0.771671317870 -0.906921000100 0.834829288701 -0.280041896448 -0.785860611271 -0.627881335240 -0.288666646269 -0.120555370954 0.905778244680 1.67523983590 -0.276445469142 -0.215039980792 -0.114998324915 -0.00301529359521 -7.63551114074e-09
# rec_devm:
 -0.149441363951 0.116994299256 0.321854330347 1.34392107620 -0.117995892680 1.73865048159 -0.754723753756 -0.0753916472741 1.01863458791 2.89210444094 0.0136644072592 1.55180190467 -0.300384844550 -0.963438914637 -0.715803330351 0.949428969571 0.242009693660 -0.789690769230 -0.895386279195 0.183925598496 0.712886880094 0.504252383612 0.305541151047 -0.789879101089 -1.82945222068 -1.78445017936 -0.358742076928 -1.10417380110 -1.22874163633 -0.604147259338 -0.621858769416 -0.624613989386 0.963712675114 1.11443497842 -0.205410245329 -0.0488231139760 -0.00948058887701 -0.00178807200779 -8.76377129271e-09
# alpha1_rec:
11.5000000000
# beta_rec:
4.00000000000
# mnatlen_styr:
 11.6950097042 11.7510883224 11.9635387925 12.2943577688 12.5666667352 12.5383145615 12.4069974771 12.2477284808 12.1305750468 11.9418837826 11.6128552932 11.4548231169 11.3855020170 10.6152865785 9.33293926103 8.25813414091 7.45577225892 6.87485345854 6.44646511520 6.12655137801 5.90488244866 5.79128297215
 1.82607750059 3.20582338753 4.58556681184 5.96527070799 7.34438680101 8.71470711373 9.94980546894 10.9422453163 11.6452145936 12.0830875916 12.3135206709 12.4012675163 12.3999448408 12.3056073594 12.0526563190 11.5876521576 10.8614032894 9.94344301748 8.90514720064 7.80173381399 6.67165655188 5.53524661461
# fnatlen_styr:
 10.6815676932 10.8101399109 11.1514426021 11.7152411864 12.9267015061 13.8154539383 13.1887412048 12.2488104538 11.2452736441 10.2940444157 9.72155402845 9.46617895863
 10.6674355739 10.7496010319 11.0122045034 11.6519913722 12.8313818149 13.4859495333 13.0485689802 12.1692301228 11.3358451710 10.4008783804 9.80233498924 9.52901810481
# log_avg_fmort:
-0.352951430673
# fmort_dev:
 -0.718717032546 -1.29610373713 -0.679156136070 -0.209973014801 0.135217277100 0.846153555535 1.10069231892 0.876918689906 1.59476470017 1.71179825290 1.00043528509 0.244108173969 -0.0907762339148 -0.380916938602 -0.383697464763 -0.213035738684 -0.146368656478 -1.52612816021 -1.10477175869 0.0269252117007 -0.447472684964 -1.12941816247 -1.05247173708 -0.279049310862 -0.279532760484 -0.0561016231567 -0.377241340580 -0.700111442950 -0.544148471196 0.361448164879 0.687303628957 0.613506118795 0.750721469617 0.143127437949 -0.879909021850 0.259267659164 0.587976947410 1.55473653542
# log_avg_fmortdf:
-7.02642711073
# fmortdf_dev:
 -0.0993946270917 -0.0953889748057 -0.0879573390937 -0.0914606700216 -0.0743976002827 -0.00645656722111 -0.0268132556746 0.0306291198787 0.0653345807545 0.137274615847 0.839086397146 0.283349423763 -0.0569511319480 -0.490290518513 -0.0617911661246 -0.431213599817 -0.272516026490 -0.201816975839 -0.154083109798 -0.130078320980 -0.106090448045 -0.106419235460 -0.104561298945 -0.112822940415 -0.136055965693 -0.107507537719 -0.107083624572 -0.101031983260 -0.117349279970 1.93540893848 -0.0479367469655 0.203277699108 1.62429554320 0.252657732082 -0.240680574565 -0.464275320114 -0.618096990638 -0.720792220188
# log_avg_fmortt:
-5.17408863399
# fmortt_dev_era1:
 0.216095588107 0.235124740092 0.144650550254 0.0540650753472 -0.416889113472 -0.376808566974 -0.415389703823 -0.433877033797 0.121019038001 0.872009426265
# fmortt_dev_era2:
 1.34025836535 0.974798665301 1.69561136804 0.422610565485 -0.221182078436 -0.320729717507 -0.372019339413 -0.0662468834543 0.133153415899 0.00489439564285 -0.224342739254 0.217282863854 0.618852071020 -0.174629454715 0.162228613846 -0.316481026079 -0.362870136798 0.102006556342 -0.416649202998 -0.326609278104 -0.132905596025 -0.253249436675 -0.258082647912 -0.260580511445 -0.399884469718 -0.548219599886 -0.409959999713 -0.607054762648
# discard_mult:
1.00000000000
# Fem_F_prop_constant:
0.500000050000
# log_avg_sel50_mn:
4.66159901184
# log_sel50_dev_mn:
 0.00000000000 0.00000000000 0.00000000000 0.00000000000 0.00000000000 0.00000000000 0.00000000000 0.00000000000 0.00000000000 0.00000000000 0.00000000000 0.00000000000 0.00000000000 0.00000000000 0.00000000000 0.00000000000 0.00000000000 0.00000000000 0.00000000000 0.00000000000 0.00000000000 0.00000000000 0.00000000000 0.00000000000 0.00000000000 0.00000000000 0.00000000000 0.00000000000 0.00000000000 0.00000000000 0.00000000000 0.00000000000 0.00000000000 0.00000000000 0.00000000000 0.00000000000 0.00000000000 0.00000000000 0.00000000000
# log_avg_sel50_mo:
4.50000000000
# log_sel50_dev_mo:
 0.00000000000 0.00000000000 0.00000000000 0.00000000000 0.00000000000 0.00000000000 0.00000000000 0.00000000000 0.00000000000 0.00000000000 0.00000000000 0.00000000000 0.00000000000 0.00000000000 0.00000000000 0.00000000000 0.00000000000 0.00000000000 0.00000000000 0.00000000000 0.00000000000 0.00000000000 0.00000000000 0.00000000000 0.00000000000 0.00000000000 0.00000000000 0.00000000000 0.00000000000 0.00000000000 0.00000000000 0.00000000000 0.00000000000 0.00000000000 0.00000000000 0.00000000000 0.00000000000 0.00000000000 0.00000000000
# fish_slope_mn:
0.219248780892
# fish_slope_mo:
0.450000000000
# fish_fit_slope_mn:
0.433212400858
# fish_fit_sel50_mn:
96.3671756100
# fish_fit_slope_mo:
0.275000000000
# fish_fit_sel50_mo:
100.000000000
# fish_slope_mo2:
1.95000000000
# fish_sel50_mo2:
159.500000000
# fish_slope_mn2:
1.00500000000
# fish_sel50_mn2:
130.000000000
# fish_disc_slope_f:
0.265482772697
# fish_disc_sel50_f:
4.22802674588
# log_dev_50f:
 0.00000000000 0.00000000000 0.00000000000 0.00000000000 0.00000000000 0.00000000000 0.00000000000 0.00000000000 0.00000000000 0.00000000000 0.00000000000 0.00000000000 0.00000000000 0.00000000000 0.00000000000 0.00000000000 0.00000000000 0.00000000000 0.00000000000 0.00000000000 0.00000000000 0.00000000000 0.00000000000 0.00000000000 0.00000000000
# fish_disc_slope_tf:
0.0884655688696
# fish_disc_sel50_tf:
114.241477858
# srv1_q:
0.625613107797
# srv1_q_f:
0.577333297245
# srv1_sel95:
63.7931648411
# srv1_sel50:
36.5119281951
# srv2_q:
0.350891419488
# srv2_q_f:
0.576155502097
# srv2_sel95:
61.2648422254
# srv2_sel50:
42.8868987379
# srv3_q:
 0.510154033731 0.461685687823 0.476514078450 0.445546901390 0.288886654891 0.230680774711 0.200000044892 0.200000150166 0.225373253394 0.296302761753 0.267936027330 0.205560707333 0.334358942845 0.502281539490 0.395255012835 0.332411506871 0.382026536657 0.494451501633 0.451929703838 0.436123054785 0.437267515367 0.516312688467 0.686753871074 0.846185676543 0.801168600793 0.688555974004 0.641133604977 0.411244163285 0.253936065199 0.200747833625 0.200000613098 0.200057205159 0.200242565924
# srv3_sel95:
72.5259940324
# srv3_sel50:
44.9301711136
# srv3_q_f:
 0.690376146556 0.999999834609 0.983433927434 0.999999485392 0.670530423291 0.425201495674 0.301127621818 0.281989717853 0.200000061859 0.252712683318 0.291183923812 0.200000093131 0.685082453455 0.609182832306 0.418221453524 0.616689204908 0.784509250500 0.603040356072 0.379149753751 0.395030913995 0.449872316151 0.694479953923 0.609932364431 0.999999501596 0.999999731189 0.999999508963 0.775636565430 0.462289474224 0.200000102081 0.500804494096 0.574348622919 0.702681821619 0.603391186462
# srv3_sel95_f:
51.1339545756
# srv3_sel50_f:
38.9319617574
# srvind_q:
0.999995796621
# srvind_q_f:
0.133482835869
# srvind_sel95_f:
54.5153399266
# srvind_sel50_f:
49.8887792861
# srv10ind_q:
0.825558154664
# srv10ind_q_f:
0.967124594100
# srv10ind_sel95_f:
26.4042645794
# srv10ind_sel50_f:
24.1180932646
# selsmo10ind:
 19.9257725848 19.9223736576 19.9189745657 19.9155752098 19.9121756906 19.9087757221 19.9053752252 19.9019741878 19.8985725616 19.8951703734 19.8917674814 19.8883640023 19.8849600512 19.8815557222 19.8781511851 19.8747464395 19.8713414196 19.8679362057 19.8645307587 19.8611251465 19.8577193751 19.8543135370
# selsmo09ind:
 -9.12139964377 -8.05681216679 -6.99277952657 -5.93383224823 -4.89462514420 -3.91159899704 -3.04458197079 -2.37785902730 -1.95903888696 -1.71114431112 -1.55347345123 -1.38090433082 -1.15172026978 -0.951618995840 -0.914050005070 -1.03456986442 -1.19128338406 -1.27205987365 -1.23162914141 -1.09447265904 -0.916113477287 -0.724897400000
# Mmult_imat:
1.08356811333
# Mmult:
1.05496964220
# Mmultf:
1.18493071971
# m_dev_m:
 0.915070406902 0.546747002568 0.118775158281 -0.385614338041 -0.775751497860 -0.923966461656 -0.825307113725 -0.524205677620 -0.106134413215 0.318428746794 0.633487171001 0.806409986332 1.20093530082 1.63810601926 1.89499699111 1.36677485058 1.30630206992 1.38861807322 1.54049280363 1.60780288172 1.49505952505 1.29448005380 1.12562474318 1.03886759773 1.01333332360 1.06170796522 1.09438064806 0.914209244177 0.486042020728 -0.0680186145495 -0.699702227563 -1.35420450191 -1.95860243267 -2.44771329210 -2.78206959123 -2.95412439855 -3.00041268685 -3.00041269465 -3.00041264149
# m_dev_f:
 0.898229119200 1.30022305781 1.52201597001 1.36441127207 0.990686257131 0.572675035324 0.223828584321 -0.0142393177527 -0.175460572945 -0.273182867240 -0.311318794159 -0.287962127525 -0.198417969840 -0.0341533338736 0.194665701305 0.449054651134 0.658123712045 0.787619226764 0.862552601759 0.905508412026 0.947491875852 0.991979775541 1.03736761113 1.06120433151 1.04116450012 0.975119909162 0.885294111794 0.756672090206 0.588705268808 0.340783418050 -0.0628449325861 -0.627929797688 -1.28041994425 -1.91286331989 -2.43281797722 -2.78398395917 -2.95900858612 -3.00038649829 -3.00038649454
# cpueq:
0.000813064447839
# proprecn:
1.00000000000
