# Number of parameters = 440 Objective function value = 3095.14515954927  Maximum gradient component = 0.00462056930742463
# af:
-1.15390000000
# am:
2.04920000000
# bf:
1.33890000000
# bm:
1.22580000000
# bf1:
1.15108525751
# deltaf:
120.000000000
# st_gr:
0.500000000000
# growth_beta:
 0.750000000000 0.750000000000
# matest50f:
45.0000000000
# matestslpf:
0.275000000000
# matest50m:
85.0000000000
# matestslpm:
0.260000000000
# mateste:
 -4.51265345879 -4.03859049106 -3.56452780257 -3.09099586418 -2.62487943607 -2.19518876243 -1.83369874878 -1.55524143497 -1.37790641777 -1.24719259559 -1.15875074951 -1.16725309610 -1.16879308060 -1.00685872519 -0.647522953510 -0.205645228967 -1.65038738231e-09
# matestfe:
 -4.31610817492 -3.33949197570 -2.36286678382 -1.39333172465 -0.518132417058 -0.100231290501 -0.0909086824411 -0.0306114891468
# moltp_af:
2.00000000000
# moltp_bf:
150.000000000
# moltp_am:
1.52000000000
# moltp_bm:
215.000000000
# moltp_ammat:
0.0500000000000
# moltp_bmmat:
105.000000000
# mean_log_rec_f:
13.5254697225
# mean_log_rec_m:
13.5788149653
# rec_devf:
 -1.14634127259 -1.01339399967 0.180133351008 1.88106271508 1.13554935550 0.254001460855 -0.316565110266 0.513665493931 0.521271144675 0.947259559083 1.02802093416 0.749513479932 -0.642304046126 -0.953925155454 -1.02676990894 -0.736919139432 -0.278411465622 -0.854042758114 -0.988290757917 -0.973113623193 -0.0539282383377 0.733096081862 -0.0203978728623 -0.209818690063 -0.789520099326 -0.792278562165 1.21100972283 0.232894257008 -0.161531991846 -0.0982410459626 -0.169435050079 -0.521358087195 0.219664711463 1.05507986098 1.04975165133 0.147276836547 -0.109638806155 -0.00302482483712 -1.10083569474e-07
# rec_devm:
 0.647511259481 0.814657819887 1.00451490109 2.18778437797 1.07288484140 1.90121810430 -1.17929736903 0.117057749617 0.104852699835 2.49882106380 0.200889346414 0.318029292097 -1.08549177713 -1.62546571309 -1.29689813196 0.515541760251 0.00377929144989 -1.02245059833 -0.991601892649 0.0481426269771 0.729093649817 0.562514137978 0.541889766576 -0.351087033387 -1.49404627268 -1.38972831462 0.202305645392 -0.860957276485 -1.36660030397 -1.71348558814 -1.63791546667 -0.936516488434 0.895401365597 1.71481132563 1.12115821522 -0.241497623463 -0.00811176409372 -0.00170765219641 2.55447261292e-08
# alpha1_rec:
11.5000000000
# beta_rec:
4.00000000000
# mnatlen_styr:
 11.8366490137 11.8836914722 12.0550401178 12.3015136592 12.4749808730 12.3859655097 12.1937737089 12.0135397963 11.9359520013 11.7227528779 11.3540485543 11.2524180416 11.2775760696 10.5131070909 9.23589201687 8.18369126777 7.39324456660 6.81434092894 6.38376244184 6.06137876603 5.83833088112 5.72419700289
 1.87022712693 3.24732014865 4.62441044829 6.00145738845 7.37786526361 8.74481523579 9.96749670324 10.9339805987 11.5998651323 11.9958205533 12.1838792491 12.2302188631 12.1906847490 12.0679430428 11.8095525887 11.3738702600 10.6886193940 9.80172737822 8.78443191116 7.69693305888 6.58093656761 5.45817849355
# fnatlen_styr:
 10.5180481350 10.6607041054 11.0636368112 11.6821380818 13.0360320695 13.8410308012 13.2185680870 12.2383478047 11.2428641955 10.1795339421 9.53078467456 9.24405805403
 -9.63714285467 -9.63714292509 -9.63714304300 -9.63714311267 -9.63714332263 -9.63714343091 -9.63714329170 -9.63714320909 -9.63714325928 -9.63714327941 -9.63714317619 -9.63714328119
# log_avg_fmort:
-0.0355156411849
# fmort_dev:
 -0.946715787819 -1.48864564018 -0.839612229730 -0.341846878595 0.0401327492132 0.798785140548 1.02387775297 0.731156537766 1.41153076044 1.56543344161 1.19616672129 0.582162857983 0.334716741446 0.103960570716 -0.0880651579619 0.217481037970 0.406524992313 -0.965324106561 -0.937629652445 -0.224281944463 -0.486892978196 -1.06997727490 -1.08212100496 -0.407919300002 -0.361272886043 -0.122810547750 -0.569649189825 -1.02671500422 -0.945069727904 -0.0752914913364 0.306496131605 0.402027698524 0.783985167868 0.625205686439 0.181175901943 0.114534810980 -0.00827063261168 1.16275673389
# log_avg_fmortdf:
-6.03495259530
# fmortdf_dev:
 -0.0870549308490 -0.113337654647 -0.0546175401262 -0.0558915008676 -0.0257732610860 -0.0536941403889 -0.259923476785 -0.274014627736 -0.203816430178 -0.0409371470916 0.676069758446 0.320233018081 0.0893323619783 -0.260096403806 0.221103363553 -0.231728805686 -0.163189743420 -0.160891829584 -0.146109072271 -0.134143364875 -0.103748156603 -0.101235044872 -0.0975027813393 -0.117486929882 -0.149816253589 -0.118049661605 -0.127380318878 -0.126861032961 -0.206983068649 1.33030044560 -0.117299547924 0.238725339634 1.63628576225 0.282486839585 -0.0964757603535 -0.214332760036 -0.394666882967 -0.557478760077
# log_avg_fmortt:
-4.97225228655
# fmortt_dev_era1:
 0.223421817759 0.219452968812 0.133853275703 0.0703399534451 -0.327124371611 -0.299859183311 -0.368358929757 -0.428216166014 0.00842889043693 0.768061744536
# fmortt_dev_era2:
 1.38805140070 1.18838481002 2.08024299579 0.810972052705 -0.0120825086471 -0.0671150487518 -0.131405080514 0.124429800778 0.0655883138660 -0.127019072202 -0.348494414155 0.111142654501 0.525574319436 -0.313196809356 0.0273684639285 -0.439970728432 -0.522611324560 -0.119750590138 -0.646016488927 -0.542007931124 -0.303020452513 -0.406545848852 -0.381904275167 -0.352475990254 -0.391162935277 -0.413642893552 -0.285150937972 -0.518181481329
# discard_mult:
1.00000000000
# Fem_F_prop_constant:
0.500000050000
# log_avg_sel50_mn:
4.65983767166
# log_sel50_dev_mn:
 0.00000000000 0.00000000000 0.00000000000 0.00000000000 0.00000000000 0.00000000000 0.00000000000 0.00000000000 0.00000000000 0.00000000000 0.00000000000 0.00000000000 0.00000000000 0.00000000000 0.00000000000 0.00000000000 0.00000000000 0.00000000000 0.00000000000 0.00000000000 0.00000000000 0.00000000000 0.00000000000 0.00000000000 0.00000000000 0.00000000000 0.00000000000 0.00000000000 0.00000000000 0.00000000000 0.00000000000 0.00000000000 0.00000000000 0.00000000000 0.00000000000 0.00000000000 0.00000000000 0.00000000000 0.00000000000
# log_avg_sel50_mo:
4.50000000000
# log_sel50_dev_mo:
 0.00000000000 0.00000000000 0.00000000000 0.00000000000 0.00000000000 0.00000000000 0.00000000000 0.00000000000 0.00000000000 0.00000000000 0.00000000000 0.00000000000 0.00000000000 0.00000000000 0.00000000000 0.00000000000 0.00000000000 0.00000000000 0.00000000000 0.00000000000 0.00000000000 0.00000000000 0.00000000000 0.00000000000 0.00000000000 0.00000000000 0.00000000000 0.00000000000 0.00000000000 0.00000000000 0.00000000000 0.00000000000 0.00000000000 0.00000000000 0.00000000000 0.00000000000 0.00000000000 0.00000000000 0.00000000000
# fish_slope_mn:
0.207054801583
# fish_slope_mo:
0.450000000000
# fish_fit_slope_mn:
0.475861319611
# fish_fit_sel50_mn:
96.2338633987
# fish_fit_slope_mo:
0.275000000000
# fish_fit_sel50_mo:
100.000000000
# fish_slope_mo2:
1.95000000000
# fish_sel50_mo2:
159.500000000
# fish_slope_mn2:
1.00500000000
# fish_sel50_mn2:
130.000000000
# fish_disc_slope_f:
0.257185256742
# fish_disc_sel50_f:
4.23410969825
# log_dev_50f:
 0.00000000000 0.00000000000 0.00000000000 0.00000000000 0.00000000000 0.00000000000 0.00000000000 0.00000000000 0.00000000000 0.00000000000 0.00000000000 0.00000000000 0.00000000000 0.00000000000 0.00000000000 0.00000000000 0.00000000000 0.00000000000 0.00000000000 0.00000000000 0.00000000000 0.00000000000 0.00000000000 0.00000000000 0.00000000000
# fish_disc_slope_tf:
0.0822302963367
# fish_disc_sel50_tf:
113.024174263
# srv1_q:
0.625613107797
# srv1_q_f:
0.577333297245
# srv1_sel95:
63.7931648411
# srv1_sel50:
36.5119281951
# srv2_q:
0.427699586415
# srv2_q_f:
0.956655346225
# srv2_sel95:
62.0088107417
# srv2_sel50:
43.3166772331
# srv3_q:
0.687992167627
# srv3_sel95:
60.5244611192
# srv3_sel50:
40.1033678285
# srv3_q_f:
0.999999971291
# srv3_sel95_f:
48.9871169331
# srv3_sel50_f:
37.2905767017
# srvind_q:
0.999996317593
# srvind_q_f:
0.161962503031
# srvind_sel95_f:
55.0730697077
# srvind_sel50_f:
50.1457016810
# srv10ind_q:
0.840181234831
# srv10ind_q_f:
0.999998618977
# srv10ind_sel95_f:
26.4042645794
# srv10ind_sel50_f:
24.1180932646
# selsmo10ind:
 19.7097323887 19.7230732356 19.7364139011 19.7497545357 19.7630951526 19.7764359209 19.7897767277 19.8031175893 19.8164584736 19.8297993805 19.8431403546 19.8564815801 19.8698232516 19.8831656352 19.8965087746 19.9098527346 19.9231973865 19.9365427297 19.9498886677 19.9632350388 19.9765817702 19.9899288216
# selsmo09ind:
 -9.17568394543 -8.12840215957 -7.08161790948 -6.03940227225 -5.01501816724 -4.04175418088 -3.17415103572 -2.48962833389 -2.03332036526 -1.73312811739 -1.51844582544 -1.29457078256 -1.03147871265 -0.821071116744 -0.789369053814 -0.916969036655 -1.07122987307 -1.14500929290 -1.10125616814 -0.965873292954 -0.791844462978 -0.605671014623
# Mmult_imat:
1.09457299205
# Mmult:
1.04791562112
# Mmultf:
1.30763845067
# m_dev_m:
 0.788034741386 0.573264140670 0.315312680875 -0.00574665232024 -0.187938206737 -0.119215108100 0.128732178881 0.450749133591 0.751972603825 0.939812545300 0.900290433337 0.730694937261 0.908962271704 1.16350459928 1.33285565881 0.714328579059 0.433090108753 0.318123930591 0.370336675845 0.498056835111 0.536731667501 0.464400731199 0.380944837674 0.355628348947 0.343838193209 0.322576239701 0.251162454054 0.106175796953 -0.0457994209460 -0.132094084333 -0.205129363512 -0.347933392911 -0.611387041346 -0.996787275295 -1.46253445551 -1.92667855351 -2.34255296558 -2.69562001564 -3.00016378779
# m_dev_f:
 0.841060779500 1.15475977241 1.21335234866 0.847845755955 0.313328389080 -0.143686420746 -0.370044040959 -0.319354636697 -0.0838718231996 0.209245839392 0.428158340467 0.502434721460 0.447415310152 0.343296487375 0.225159433261 0.143738815949 0.0845294619977 0.0435507420053 0.0730714116600 0.147601768233 0.256526816119 0.406527084661 0.548853153282 0.587936474734 0.449279477926 0.192535815731 -0.0576394759643 -0.193034816317 -0.151236068548 0.0619795013369 0.328467018613 0.492649126243 0.405538927474 0.0207225062812 -0.603691702055 -1.31548213174 -1.98673161006 -2.54440536583 -3.00038718784
# cpueq:
0.00133915795062
# proprecn:
1.00000000000
