# Number of parameters = 505 Objective function value = 3747.64106921424  Maximum gradient component = 0.0152132649197044
# af:
-1.15390000000
# am:
2.04920000000
# bf:
1.33890000000
# bm:
1.22580000000
# bf1:
1.15108525751
# deltaf:
120.000000000
# st_gr:
0.500000000000
# growth_beta:
 0.750000000000 0.750000000000
# matest50f:
45.0000000000
# matestslpf:
0.275000000000
# matest50m:
85.0000000000
# matestslpm:
0.260000000000
# mateste:
 -4.33676542740 -3.87939616907 -3.42202722082 -2.96547212420 -2.51728586442 -2.10384298679 -1.75262409308 -1.47858116478 -1.29875490317 -1.16545835243 -1.08546971423 -1.11361014663 -1.13169872780 -0.977812775482 -0.622634140011 -0.200595271542 -1.61506807927e-09
# matestfe:
 -4.23415352647 -3.28086519640 -2.32756087339 -1.38057293563 -0.522097930442 -0.109568664186 -0.101457067891 -0.0369454377246
# moltp_af:
2.00000000000
# moltp_bf:
150.000000000
# moltp_am:
1.52000000000
# moltp_bm:
215.000000000
# moltp_ammat:
0.0500000000000
# moltp_bmmat:
105.000000000
# mean_log_rec_f:
14.0313672656
# mean_log_rec_m:
13.9609712880
# rec_devf:
 -1.58747865900 -1.56968777702 -0.402650518131 1.15338835116 0.0923377711542 -0.455195667492 -0.842203951306 0.0558080320850 0.481275449514 1.18840902007 1.49385757100 1.53301082694 -0.0405193198633 -0.261307338531 -0.204541431551 0.0606379834460 0.147844486938 -0.545584735788 -0.657077485961 -0.957771792664 -0.284911933202 0.755326130683 0.464980735139 0.0929154618297 -0.687406647490 -0.758217335488 1.24243822222 0.214390477908 -0.126928453391 -0.0704073898186 -0.175527236113 -0.609576301487 0.0889594637392 1.00351023043 1.14515670888 -0.239753499524 -0.736087632390 -0.00141184133478 2.44120361077e-08
# rec_devm:
 -0.166996191942 0.168978037491 0.369628297409 1.38246020968 0.349071823170 1.83538913733 -1.13118513959 -0.667963835353 1.16595851769 3.05900376489 0.00571468885362 1.73081894806 -0.316639264381 -0.841255496055 -0.565951388950 0.916342873503 0.133094567005 -0.828588558795 -0.919229904933 0.118538271380 0.735118889538 0.538267699496 0.337024635345 -0.703344711537 -1.72143368214 -1.65467518300 -0.123260027897 -1.09193017197 -1.54186964291 -1.65688312804 -1.35310868522 -0.642494648597 0.825554641840 2.21089504145 1.08021069494 -0.484260114385 -0.550530671008 -0.000470262829302 -2.95289365609e-08
# alpha1_rec:
11.5000000000
# beta_rec:
4.00000000000
# mnatlen_styr:
 11.2462591843 11.2983704121 11.5042416174 11.8308385627 12.0980453947 12.0727229424 11.9540688424 11.7704271561 11.6495950236 11.5290570014 11.2275372967 11.0741841253 11.1063792540 10.4304170051 9.12533804086 8.03312899678 7.22853974437 6.65059083638 6.22580243526 5.91005190441 5.69266989450 5.58171585580
 2.12221035353 3.42839481958 4.73457452402 6.04068785291 7.34596199166 8.64069067716 9.79733520383 10.7115815201 11.3453660561 11.7331852154 11.9373823229 12.0226488583 12.0416807100 11.9858508371 11.7688649987 11.3335751800 10.6445385715 9.76576533676 8.76189395614 7.68855374701 6.58628980889 5.47704767086
# fnatlen_styr:
 9.97040175061 10.1045437068 10.4497639111 11.0266324701 12.2531421127 13.1785614201 12.5770709693 11.6530431998 10.6628815499 9.72117012126 9.15548438271 8.90448805322
 9.99445504647 10.0752257351 10.3382578141 10.9879529239 12.1936402038 12.8661907272 12.4430683551 11.5773636193 10.7558715050 9.82996058745 9.23792043239 8.96883783115
# log_avg_fmort:
-0.314433983742
# fmort_dev:
 -0.579719818003 -1.21737069407 -0.662770784581 -0.249277022067 0.0504214616414 0.762082231492 1.15446632447 1.02525172134 1.83066274925 1.75650877996 0.745117427569 -0.0769499757605 -0.423486216629 -0.514903330203 -0.477876807622 -0.274999900630 -0.147576512112 -1.48661304536 -1.03000471830 0.189725145033 -0.270451404469 -0.983049747145 -0.942814523497 -0.204923314977 -0.205821856013 0.00155379392899 -0.368150498037 -0.729426844763 -0.593615545981 0.296673464945 0.645739975124 0.633156798846 0.920558969440 0.665360774987 0.131106108829 0.0274357927248 0.301937010981 0.302044029660
# log_avg_fmortdf:
-6.70810856340
# fmortdf_dev:
 -0.0313956112109 -0.0328087784215 -0.0296244285977 -0.0327759125573 -0.0127508106348 0.0523283129560 0.000411567112301 0.00980484287628 -0.00680643595076 0.0104256618095 0.474398934742 -0.0281526306761 -0.377277439710 -0.785076669592 -0.372805763689 -0.614400799534 -0.343325812156 -0.192973790493 -0.114346186943 -0.0813348916044 -0.0525255049365 -0.0523794185408 -0.0509364703672 -0.0661213764452 -0.104025273759 -0.0820098719553 -0.0887824088965 -0.0793768915399 -0.133055234562 1.57417365484 -0.0197859936078 0.250826125002 1.98901073616 0.205693068084 -0.0183247449292 -0.0865006230936 -0.255585359467 -0.421807769720
# log_avg_fmortt:
-5.14388828391
# fmortt_dev_era1:
 0.351804545875 0.311087221609 0.144312034493 0.0182810397345 -0.414438152992 -0.364173046440 -0.377043259176 -0.396130483642 0.0433251810014 0.682974919537
# fmortt_dev_era2:
 1.01757225787 0.594156039973 1.33025011572 0.221003118198 -0.377134213536 -0.459519846786 -0.450859682678 -0.0874321610189 0.163313394970 0.0673342607207 -0.167076261719 0.270580939728 0.653046156361 -0.128831940168 0.199928751911 -0.303511889003 -0.372755545115 0.0566156649178 -0.444636991196 -0.344955194901 -0.107148656303 -0.224298033917 -0.209291294256 -0.165583453626 -0.206597322460 -0.244958915971 -0.103273663609 -0.175935634105
# discard_mult:
1.00000000000
# Fem_F_prop_constant:
0.500000050000
# log_avg_sel50_mn:
4.65225015432
# log_sel50_dev_mn:
 0.00000000000 0.00000000000 0.00000000000 0.00000000000 0.00000000000 0.00000000000 0.00000000000 0.00000000000 0.00000000000 0.00000000000 0.00000000000 0.00000000000 0.00000000000 0.00000000000 0.00000000000 0.00000000000 0.00000000000 0.00000000000 0.00000000000 0.00000000000 0.00000000000 0.00000000000 0.00000000000 0.00000000000 0.00000000000 0.00000000000 0.00000000000 0.00000000000 0.00000000000 0.00000000000 0.00000000000 0.00000000000 0.00000000000 0.00000000000 0.00000000000 0.00000000000 0.00000000000 0.00000000000 0.00000000000
# log_avg_sel50_mo:
4.50000000000
# log_sel50_dev_mo:
 0.00000000000 0.00000000000 0.00000000000 0.00000000000 0.00000000000 0.00000000000 0.00000000000 0.00000000000 0.00000000000 0.00000000000 0.00000000000 0.00000000000 0.00000000000 0.00000000000 0.00000000000 0.00000000000 0.00000000000 0.00000000000 0.00000000000 0.00000000000 0.00000000000 0.00000000000 0.00000000000 0.00000000000 0.00000000000 0.00000000000 0.00000000000 0.00000000000 0.00000000000 0.00000000000 0.00000000000 0.00000000000 0.00000000000 0.00000000000 0.00000000000 0.00000000000 0.00000000000 0.00000000000 0.00000000000
# fish_slope_mn:
0.223502321992
# fish_slope_mo:
0.450000000000
# fish_fit_slope_mn:
0.462057688712
# fish_fit_sel50_mn:
96.5439446552
# fish_fit_slope_mo:
0.275000000000
# fish_fit_sel50_mo:
100.000000000
# fish_slope_mo2:
1.95000000000
# fish_sel50_mo2:
159.500000000
# fish_slope_mn2:
1.00500000000
# fish_sel50_mn2:
130.000000000
# fish_disc_slope_f:
0.268211573845
# fish_disc_sel50_f:
4.22040458949
# log_dev_50f:
 0.00000000000 0.00000000000 0.00000000000 0.00000000000 0.00000000000 0.00000000000 0.00000000000 0.00000000000 0.00000000000 0.00000000000 0.00000000000 0.00000000000 0.00000000000 0.00000000000 0.00000000000 0.00000000000 0.00000000000 0.00000000000 0.00000000000 0.00000000000 0.00000000000 0.00000000000 0.00000000000 0.00000000000 0.00000000000
# fish_disc_slope_tf:
0.0901636635834
# fish_disc_sel50_tf:
110.336521737
# srv1_q:
0.625613107797
# srv1_q_f:
0.577333297245
# srv1_sel95:
63.7931648411
# srv1_sel50:
36.5119281951
# srv2_q:
0.447131219107
# srv2_q_f:
0.983697123192
# srv2_sel95:
59.4752537117
# srv2_sel50:
41.9442792071
# srv3_q:
 0.601856063537 0.547850632630 0.559178649603 0.496856460391 0.284099501717 0.202060392547 0.200000011421 0.211155357771 0.269472718297 0.342676180114 0.310349441652 0.254035469753 0.446510201206 0.689682178507 0.609048986632 0.514957182641 0.556382022391 0.684086048872 0.647788478441 0.607596973218 0.578073634732 0.622382266623 0.772272291524 0.953799638989 0.960612430856 0.893515460750 0.861892630437 0.658032356847 0.492132821646 0.465936230724 0.507404432543 0.387104019200 0.266804033348
# srv3_sel95:
66.4569912549
# srv3_sel50:
42.9316933251
# srv3_q_f:
 0.999999634499 0.999999927043 0.999999496492 0.994781355275 0.575731424781 0.354833650545 0.265094817816 0.250553567768 0.200000019745 0.222863007735 0.267488429195 0.200000424308 0.793378645595 0.764016930725 0.576926190430 0.870889139182 0.999999510508 0.826322075561 0.529102315989 0.507435261082 0.495894093649 0.673933449317 0.548037054713 0.836904447760 0.888615111466 0.999999418167 0.999999768973 0.999999840029 0.885679144238 0.851400902047 0.696701423799 0.397712792664 0.559364292048
# srv3_sel95_f:
49.9214843473
# srv3_sel50_f:
38.3507146020
# srvind_q:
0.999996710833
# srvind_q_f:
0.131087369786
# srvind_sel95_f:
54.9906837981
# srvind_sel50_f:
50.1467204239
# srv10ind_q:
0.940343913039
# srv10ind_q_f:
0.865036048268
# srv10ind_sel95_f:
26.4042645794
# srv10ind_sel50_f:
24.1180932646
# selsmo10ind:
 19.9969750271 19.9970759927 19.9971764269 19.9972763695 19.9973764760 19.9974761403 19.9975755448 19.9976752561 19.9977748837 19.9978730809 19.9979674738 19.9980558119 19.9981355204 19.9982032830 19.9982564648 19.9982941940 19.9983162250 19.9983243550 19.9983226959 19.9983145631 19.9983028615 19.9982901195
# selsmo09ind:
 -9.07672058733 -8.00192006197 -6.92762863161 -5.85808028534 -4.80722246874 -3.81027940072 -2.92556017379 -2.23590528776 -1.78784852831 -1.50640395303 -1.31470810524 -1.11570736234 -0.878951015859 -0.695220066155 -0.690645126404 -0.849737459212 -1.04239654213 -1.15568584517 -1.14671036481 -1.04074452167 -0.893162115964 -0.732496877442
# Mmult_imat:
1.12942994853
# Mmult:
1.09135023164
# Mmultf:
1.18375151684
# m_dev_m:
 0.929109529978 -0.0355598280541 -1.02678886741 -1.95335610742 -2.63672580547 -2.98183557305 -3.00030107296 -2.79503264234 -2.32543408802 -1.63107685811 -0.818085696788 -0.00769698788072 0.837141129314 1.49434715196 1.79726236481 1.27506385396 1.29552506936 1.38863896203 1.53411637612 1.58837217391 1.41063021321 1.13226493779 0.902177314065 0.778474849811 0.726241753316 0.764654641278 0.796789189622 0.610244286777 0.172414700315 -0.365830707433 -0.899853068610 -1.31316506313 -1.48770557580 -1.33997710683 -0.844748120414 -0.0245628508702 0.999207867734 2.05536093602 2.99969871921
# m_dev_f:
 0.915574143292 1.30032829050 1.43454842590 1.03281207734 0.309395505269 -0.495684323987 -1.21391308718 -1.74566123961 -2.04785415980 -2.09801959895 -1.90335618761 -1.50561477793 -0.976839792734 -0.404316682732 0.124524771699 0.561566477697 0.844094755473 0.967427335635 0.992081256571 0.968221761394 0.948084279102 0.937436512995 0.927684520111 0.876514505889 0.756846826808 0.589605234432 0.440831208957 0.355858724951 0.395168155541 0.565307090301 0.780222679956 0.932883126953 0.914087052836 0.650813338838 0.113892810495 -0.607873342812 -1.41451506104 -2.22202086267 -3.00014175189
# cpueq:
0.00107615005411
# proprecn:
1.00000000000
