ParName   Value   Gradient
mateste(1)     -4.33677  1.82156e-06
mateste(2)      -3.8794 -5.92954e-06
mateste(3)     -3.42203 -2.99365e-05
mateste(4)     -2.96547 -9.73503e-05
mateste(5)     -2.51729 -0.000175349
mateste(6)     -2.10384 -0.000277774
mateste(7)     -1.75262 -0.000399504
mateste(8)     -1.47858 -0.000481405
mateste(9)     -1.29875 -0.000553996
mateste(10)     -1.16546 -0.000614519
mateste(11)     -1.08547  -0.00060031
mateste(12)     -1.11361 -0.000520258
mateste(13)      -1.1317 -0.000514567
mateste(14)    -0.977813  -0.00058189
mateste(15)    -0.622634 -0.000646914
mateste(16)    -0.200595 -0.000549825
mateste(17) -1.61507e-09 -3.27481e-06
matestfe(1)     -4.23415 -1.08332e-06
matestfe(2)     -3.28087  5.50914e-07
matestfe(3)     -2.32756 -8.43682e-07
matestfe(4)     -1.38057 -2.02795e-06
matestfe(5)    -0.522098  1.02434e-06
matestfe(6)    -0.109569   1.1956e-06
matestfe(7)    -0.101457  1.25391e-06
matestfe(8)   -0.0369454 -3.00375e-07
mean_log_rec_f      14.0314 -4.05133e-06
mean_log_rec_m       13.961   0.00128799
rec_devf(1982)     -1.58748  4.80801e-06
rec_devf(1983)     -1.56969   6.4986e-06
rec_devf(1984)    -0.402651  5.03195e-06
rec_devf(1985)      1.15339   9.4445e-06
rec_devf(1986)    0.0923378  5.96354e-06
rec_devf(1987)    -0.455196  4.67866e-06
rec_devf(1988)    -0.842204  3.47549e-06
rec_devf(1989)     0.055808   4.6993e-06
rec_devf(1990)     0.481275  2.28613e-06
rec_devf(1991)      1.18841  5.90003e-06
rec_devf(1992)      1.49386  5.47396e-06
rec_devf(1993)      1.53301  2.89374e-06
rec_devf(1994)   -0.0405193  7.16223e-06
rec_devf(1995)    -0.261307  1.10656e-07
rec_devf(1996)    -0.204541  3.91147e-06
rec_devf(1997)     0.060638 -1.77906e-07
rec_devf(1998)     0.147844  2.39763e-07
rec_devf(1999)    -0.545585   1.5711e-06
rec_devf(2000)    -0.657077  2.66063e-07
rec_devf(2001)    -0.957772  2.12418e-06
rec_devf(2002)    -0.284912   3.2056e-07
rec_devf(2003)     0.755326 -2.35485e-06
rec_devf(2004)     0.464981 -6.52651e-06
rec_devf(2005)    0.0929155  -6.0228e-06
rec_devf(2006)    -0.687407 -4.68115e-06
rec_devf(2007)    -0.758217 -2.57868e-06
rec_devf(2008)      1.24244 -4.81534e-05
rec_devf(2009)      0.21439 -4.18024e-06
rec_devf(2010)    -0.126928  2.87825e-06
rec_devf(2011)   -0.0704074  3.27276e-06
rec_devf(2012)    -0.175527  1.25019e-06
rec_devf(2013)    -0.609576  1.26256e-06
rec_devf(2014)    0.0889595   1.1513e-06
rec_devf(2015)      1.00351 -6.82973e-06
rec_devf(2016)      1.14516  7.34219e-07
rec_devf(2017)    -0.239753  2.58017e-06
rec_devf(2018)    -0.736088  2.37837e-06
rec_devf(2019)  -0.00141184  9.01535e-07
rec_devf(2020)   2.4412e-08  4.00173e-06
rec_devm(1982)    -0.166996  -0.00188198
rec_devm(1983)     0.168978  -0.00213303
rec_devm(1984)     0.369628 -0.000345118
rec_devm(1985)      1.38246   0.00243317
rec_devm(1986)     0.349072 -0.000214529
rec_devm(1987)      1.83539  0.000988208
rec_devm(1988)     -1.13119 -0.000647778
rec_devm(1989)    -0.667964 -0.000527691
rec_devm(1990)      1.16596   0.00110707
rec_devm(1991)        3.059    0.0152131
rec_devm(1992)   0.00571469   -5.787e-05
rec_devm(1993)      1.73082   0.00143855
rec_devm(1994)    -0.316639 -0.000664722
rec_devm(1995)    -0.841255 -0.000723878
rec_devm(1996)    -0.565951 -0.000728368
rec_devm(1997)     0.916343 -0.000682014
rec_devm(1998)     0.133095 -0.000737377
rec_devm(1999)    -0.828589 -0.000744665
rec_devm(2000)     -0.91923 -0.000720442
rec_devm(2001)     0.118538 -0.000536262
rec_devm(2002)     0.735119 -0.000213632
rec_devm(2003)     0.538268 -0.000220908
rec_devm(2004)     0.337025 -7.87889e-05
rec_devm(2005)    -0.703345  -0.00040824
rec_devm(2006)     -1.72143 -0.000609545
rec_devm(2007)     -1.65468 -0.000593874
rec_devm(2008)     -0.12326 -1.94961e-05
rec_devm(2009)     -1.09193  -0.00053005
rec_devm(2010)     -1.54187 -0.000649443
rec_devm(2011)     -1.65688 -0.000668563
rec_devm(2012)     -1.35311 -0.000648639
rec_devm(2013)    -0.642495 -0.000615785
rec_devm(2014)     0.825555 -0.000470319
rec_devm(2015)       2.2109   -0.0005451
rec_devm(2016)      1.08021 -0.000774619
rec_devm(2017)     -0.48426 -0.000776298
rec_devm(2018)    -0.550531 -0.000777902
rec_devm(2019) -0.000470263 -0.000776362
rec_devm(2020) -2.95289e-08 -0.000779644
mnatlen_styr(1,1)      11.2463 -7.92184e-05
mnatlen_styr(1,2)      11.2984 -9.84259e-05
mnatlen_styr(1,3)      11.5042 -0.000110111
mnatlen_styr(1,4)      11.8308 -0.000130057
mnatlen_styr(1,5)       12.098 -0.000155856
mnatlen_styr(1,6)      12.0727 -0.000158903
mnatlen_styr(1,7)      11.9541 -0.000152567
mnatlen_styr(1,8)      11.7704 -0.000146696
mnatlen_styr(1,9)      11.6496 -0.000150879
mnatlen_styr(1,10)      11.5291 -0.000138491
mnatlen_styr(1,11)      11.2275 -0.000117175
mnatlen_styr(1,12)      11.0742 -0.000123657
mnatlen_styr(1,13)      11.1064 -0.000124835
mnatlen_styr(1,14)      10.4304  -6.3089e-05
mnatlen_styr(1,15)      9.12534 -1.83519e-05
mnatlen_styr(1,16)      8.03313 -4.54677e-06
mnatlen_styr(1,17)      7.22854 -1.63756e-06
mnatlen_styr(1,18)      6.65059 -1.59425e-06
mnatlen_styr(1,19)       6.2258 -1.61876e-06
mnatlen_styr(1,20)      5.91005  -2.3641e-07
mnatlen_styr(1,21)      5.69267 -1.71919e-06
mnatlen_styr(1,22)      5.58172 -1.04197e-07
mnatlen_styr(2,1)      2.12221 -2.19782e-06
mnatlen_styr(2,2)      3.42839  1.52588e-06
mnatlen_styr(2,3)      4.73457  2.33096e-06
mnatlen_styr(2,4)      6.04069  9.42404e-07
mnatlen_styr(2,5)      7.34596 -1.29359e-06
mnatlen_styr(2,6)      8.64069 -5.06871e-07
mnatlen_styr(2,7)      9.79734  8.49159e-07
mnatlen_styr(2,8)      10.7116  1.74833e-06
mnatlen_styr(2,9)      11.3454 -6.92827e-10
mnatlen_styr(2,10)      11.7332 -1.59039e-06
mnatlen_styr(2,11)      11.9374  2.25537e-07
mnatlen_styr(2,12)      12.0226   1.4289e-06
mnatlen_styr(2,13)      12.0417  1.81163e-06
mnatlen_styr(2,14)      11.9859 -4.52908e-06
mnatlen_styr(2,15)      11.7689 -5.73509e-05
mnatlen_styr(2,16)      11.3336 -8.62532e-05
mnatlen_styr(2,17)      10.6445 -3.83216e-05
mnatlen_styr(2,18)      9.76577 -1.13045e-05
mnatlen_styr(2,19)      8.76189 -4.00102e-06
mnatlen_styr(2,20)      7.68855 -1.72002e-06
mnatlen_styr(2,21)      6.58629 -1.33012e-07
mnatlen_styr(2,22)      5.47705 -1.13466e-06
fnatlen_styr(1,1)       9.9704  2.20671e-07
fnatlen_styr(1,2)      10.1045  2.56302e-06
fnatlen_styr(1,3)      10.4498 -1.46476e-06
fnatlen_styr(1,4)      11.0266 -6.45353e-07
fnatlen_styr(1,5)      12.2531  1.51694e-06
fnatlen_styr(1,6)      13.1786 -1.69299e-06
fnatlen_styr(1,7)      12.5771  1.33234e-06
fnatlen_styr(1,8)       11.653  -4.4092e-08
fnatlen_styr(1,9)      10.6629 -1.54726e-07
fnatlen_styr(1,10)      9.72117 -6.34655e-07
fnatlen_styr(1,11)      9.15548 -9.28616e-07
fnatlen_styr(1,12)      8.90449  9.29788e-07
fnatlen_styr(2,1)      9.99446  1.13162e-06
fnatlen_styr(2,2)      10.0752 -2.90977e-06
fnatlen_styr(2,3)      10.3383  4.27991e-07
fnatlen_styr(2,4)       10.988  5.45447e-07
fnatlen_styr(2,5)      12.1936 -7.06853e-07
fnatlen_styr(2,6)      12.8662 -1.25053e-08
fnatlen_styr(2,7)      12.4431 -2.55392e-06
fnatlen_styr(2,8)      11.5774 -1.14419e-06
fnatlen_styr(2,9)      10.7559 -1.62601e-06
fnatlen_styr(2,10)      9.82996  1.01752e-06
fnatlen_styr(2,11)      9.23792 -2.43336e-06
fnatlen_styr(2,12)      8.96884  4.67645e-07
log_avg_fmort    -0.314434  0.000725358
fmort_dev(1982)     -0.57972 -0.000106881
fmort_dev(1983)     -1.21737 -9.34509e-05
fmort_dev(1984)    -0.662771 -3.75971e-07
fmort_dev(1985)    -0.249277  9.63131e-05
fmort_dev(1986)    0.0504215  0.000178118
fmort_dev(1987)     0.762082 -9.22231e-05
fmort_dev(1988)      1.15447   -0.0008151
fmort_dev(1989)      1.02525 -0.000441021
fmort_dev(1990)      1.83066 -0.000193236
fmort_dev(1991)      1.75651  0.000142741
fmort_dev(1992)     0.745117 -0.000456112
fmort_dev(1993)     -0.07695 -0.000146267
fmort_dev(1994)    -0.423486  0.000135106
fmort_dev(1995)    -0.514903  0.000187401
fmort_dev(1996)    -0.477877  0.000658283
fmort_dev(1997)       -0.275    0.0022595
fmort_dev(1998)    -0.147577   0.00133685
fmort_dev(1999)     -1.48661 -8.30304e-05
fmort_dev(2000)        -1.03 -0.000104034
fmort_dev(2001)     0.189725 -9.78876e-05
fmort_dev(2002)    -0.270451 -0.000137632
fmort_dev(2003)     -0.98305 -0.000147136
fmort_dev(2004)    -0.942815 -0.000155126
fmort_dev(2005)    -0.204923  -0.00015624
fmort_dev(2006)    -0.205822 -0.000143676
fmort_dev(2007)   0.00155379 -9.71166e-05
fmort_dev(2008)     -0.36815 -7.90961e-05
fmort_dev(2009)    -0.729427 -0.000164099
fmort_dev(2010)    -0.593616 -0.000224736
fmort_dev(2011)     0.296673 -0.000146415
fmort_dev(2012)      0.64574 -8.78629e-05
fmort_dev(2013)     0.633157 -0.000138878
fmort_dev(2014)     0.920559 -0.000111073
fmort_dev(2015)     0.665361 -0.000133594
fmort_dev(2016)     0.131106 -0.000147502
fmort_dev(2017)    0.0274358 -0.000134465
fmort_dev(2018)     0.301937  -5.1702e-05
fmort_dev(2019)     0.302044 -2.70709e-05
log_avg_fmortdf     -6.70811  1.44021e-06
fmortdf_dev(1982)   -0.0313956  1.47103e-06
fmortdf_dev(1983)   -0.0328088 -8.03839e-07
fmortdf_dev(1984)   -0.0296244  4.39477e-07
fmortdf_dev(1985)   -0.0327759 -9.05096e-07
fmortdf_dev(1986)   -0.0127508  -2.4434e-06
fmortdf_dev(1987)    0.0523283  -1.4016e-06
fmortdf_dev(1988)  0.000411567  6.51487e-06
fmortdf_dev(1989)   0.00980484 -1.73273e-06
fmortdf_dev(1990)  -0.00680644 -8.47265e-07
fmortdf_dev(1991)    0.0104257  -2.9668e-06
fmortdf_dev(1992)     0.474399  4.59445e-07
fmortdf_dev(1993)   -0.0281526 -2.24734e-06
fmortdf_dev(1994)    -0.377277  1.75347e-06
fmortdf_dev(1995)    -0.785077 -2.98307e-06
fmortdf_dev(1996)    -0.372806 -5.29353e-07
fmortdf_dev(1997)    -0.614401 -4.39901e-07
fmortdf_dev(1998)    -0.343326 -3.24356e-06
fmortdf_dev(1999)    -0.192974  2.90228e-06
fmortdf_dev(2000)    -0.114346 -1.64443e-06
fmortdf_dev(2001)   -0.0813349  -9.4695e-07
fmortdf_dev(2002)   -0.0525255 -6.70785e-07
fmortdf_dev(2003)   -0.0523794 -1.87236e-06
fmortdf_dev(2004)   -0.0509365  5.79352e-07
fmortdf_dev(2005)   -0.0661214 -2.89178e-06
fmortdf_dev(2006)    -0.104025  6.59529e-07
fmortdf_dev(2007)   -0.0820099  2.79036e-07
fmortdf_dev(2008)   -0.0887824 -2.47585e-07
fmortdf_dev(2009)   -0.0793769 -1.03073e-06
fmortdf_dev(2010)    -0.133055 -1.56879e-06
fmortdf_dev(2011)      1.57417 -1.09721e-06
fmortdf_dev(2012)    -0.019786   7.4525e-07
fmortdf_dev(2013)     0.250826 -6.11834e-07
fmortdf_dev(2014)      1.98901 -2.37639e-06
fmortdf_dev(2015)     0.205693 -6.19127e-07
fmortdf_dev(2016)   -0.0183247 -2.44849e-06
fmortdf_dev(2017)   -0.0865006 -1.66169e-06
fmortdf_dev(2018)    -0.255585 -6.87537e-07
fmortdf_dev(2019)    -0.421808 -1.37661e-06
log_avg_fmortt     -5.14389 -1.86729e-05
fmortt_dev_era1(1982)     0.351805 -2.67073e-06
fmortt_dev_era1(1983)     0.311087 -8.44891e-07
fmortt_dev_era1(1984)     0.144312  3.78558e-06
fmortt_dev_era1(1985)     0.018281  4.25064e-06
fmortt_dev_era1(1986)    -0.414438  4.56199e-06
fmortt_dev_era1(1987)    -0.364173  1.39628e-06
fmortt_dev_era1(1988)    -0.377043 -2.30968e-06
fmortt_dev_era1(1989)     -0.39613 -6.84152e-06
fmortt_dev_era1(1990)    0.0433252 -7.94875e-06
fmortt_dev_era1(1991)     0.682975 -1.11544e-05
fmortt_dev_era2(1992)      1.01757  3.45733e-07
fmortt_dev_era2(1993)     0.594156 -5.08618e-06
fmortt_dev_era2(1994)      1.33025 -1.71397e-05
fmortt_dev_era2(1995)     0.221003 -6.69089e-06
fmortt_dev_era2(1996)    -0.377134 -7.44439e-06
fmortt_dev_era2(1997)     -0.45952 -1.49481e-05
fmortt_dev_era2(1998)     -0.45086  -3.0067e-06
fmortt_dev_era2(1999)   -0.0874322  3.20411e-06
fmortt_dev_era2(2000)     0.163313  2.74225e-06
fmortt_dev_era2(2001)    0.0673343  3.98384e-06
fmortt_dev_era2(2002)    -0.167076  6.07173e-07
fmortt_dev_era2(2003)     0.270581   4.0652e-06
fmortt_dev_era2(2004)     0.653046  1.89129e-06
fmortt_dev_era2(2005)    -0.128832  4.78202e-06
fmortt_dev_era2(2006)     0.199929  1.00479e-06
fmortt_dev_era2(2007)    -0.303512  2.14934e-06
fmortt_dev_era2(2008)    -0.372756  1.04511e-07
fmortt_dev_era2(2009)    0.0566157  1.16774e-06
fmortt_dev_era2(2010)    -0.444637  2.17911e-06
fmortt_dev_era2(2011)    -0.344955 -1.31803e-07
fmortt_dev_era2(2012)    -0.107149  3.59034e-06
fmortt_dev_era2(2013)    -0.224298  4.87394e-06
fmortt_dev_era2(2014)    -0.209291  4.21204e-06
fmortt_dev_era2(2015)    -0.165583  5.83185e-06
fmortt_dev_era2(2016)    -0.206597  3.96473e-06
fmortt_dev_era2(2017)    -0.244959  1.76438e-06
fmortt_dev_era2(2018)    -0.103274  5.01141e-06
fmortt_dev_era2(2019)    -0.175936  6.93458e-06
Fem_F_prop_constant          0.5            0
log_avg_sel50_mn      4.65225  -0.00266516
fish_slope_mn     0.223502  9.76352e-05
fish_fit_slope_mn     0.462058  1.13566e-05
fish_fit_sel50_mn      96.5439 -0.000385255
fish_disc_slope_f     0.268212 -1.73601e-06
fish_disc_sel50_f       4.2204  -1.4295e-06
fish_disc_slope_tf    0.0901637  8.83432e-06
fish_disc_sel50_tf      110.337   8.1759e-06
srv2_q     0.447131  -2.3908e-06
srv2_q_f     0.983697 -1.25269e-07
srv2_sel95      59.4753 -5.43632e-07
srv2_sel50      41.9443 -5.93467e-07
srv3_q(1988)     0.601856  4.98986e-07
srv3_q(1989)     0.547851  4.40699e-07
srv3_q(1990)     0.559179 -1.71156e-06
srv3_q(1991)     0.496856  1.44848e-06
srv3_q(1992)       0.2841 -3.33321e-06
srv3_q(1993)      0.20206  1.23053e-07
srv3_q(1994)          0.2  3.31717e-06
srv3_q(1995)     0.211155 -5.42949e-07
srv3_q(1996)     0.269473  7.20696e-08
srv3_q(1997)     0.342676 -1.83582e-07
srv3_q(1998)     0.310349 -7.52217e-08
srv3_q(1999)     0.254035  7.90979e-07
srv3_q(2000)      0.44651 -3.68929e-08
srv3_q(2001)     0.689682 -1.00075e-06
srv3_q(2002)     0.609049  1.91739e-06
srv3_q(2003)     0.514957 -1.38922e-06
srv3_q(2004)     0.556382  8.63239e-07
srv3_q(2005)     0.684086  1.15906e-06
srv3_q(2006)     0.647788 -1.10927e-07
srv3_q(2007)     0.607597  6.09055e-07
srv3_q(2008)     0.578074 -9.89307e-07
srv3_q(2009)     0.622382  1.91392e-06
srv3_q(2010)     0.772272 -6.78722e-07
srv3_q(2011)       0.9538  2.66712e-07
srv3_q(2012)     0.960612 -9.66932e-08
srv3_q(2013)     0.893515 -9.19002e-08
srv3_q(2014)     0.861893 -6.72856e-07
srv3_q(2015)     0.658032  1.64724e-06
srv3_q(2016)     0.492133 -6.57271e-08
srv3_q(2017)     0.465936 -8.69693e-08
srv3_q(2018)     0.507404 -5.92499e-08
srv3_q(2019)     0.387104   6.3065e-07
srv3_q(2020)     0.266804  3.23378e-08
srv3_sel95       66.457   1.9796e-06
srv3_sel50      42.9317 -4.44321e-06
srv3_q_f(1988)            1 -1.55587e-06
srv3_q_f(1989)            1   2.5115e-08
srv3_q_f(1990)     0.999999 -1.19022e-07
srv3_q_f(1991)     0.994781 -7.35341e-08
srv3_q_f(1992)     0.575731  3.58684e-07
srv3_q_f(1993)     0.354834 -1.21329e-06
srv3_q_f(1994)     0.265095  2.42688e-07
srv3_q_f(1995)     0.250554  -5.7026e-07
srv3_q_f(1996)          0.2  8.24853e-07
srv3_q_f(1997)     0.222863 -3.39498e-07
srv3_q_f(1998)     0.267488  1.55778e-07
srv3_q_f(1999)          0.2  6.55865e-07
srv3_q_f(2000)     0.793379 -1.52466e-07
srv3_q_f(2001)     0.764017  1.14711e-07
srv3_q_f(2002)     0.576926  1.62168e-07
srv3_q_f(2003)     0.870889 -1.90081e-07
srv3_q_f(2004)            1  3.17707e-07
srv3_q_f(2005)     0.826322  2.38035e-07
srv3_q_f(2006)     0.529102 -9.05948e-07
srv3_q_f(2007)     0.507435 -2.43853e-07
srv3_q_f(2008)     0.495894  7.66419e-07
srv3_q_f(2009)     0.673933 -1.12449e-06
srv3_q_f(2010)     0.548037 -1.14857e-06
srv3_q_f(2011)     0.836904 -2.95951e-07
srv3_q_f(2012)     0.888615  4.08947e-07
srv3_q_f(2013)     0.999999  1.40065e-06
srv3_q_f(2014)            1  -1.9942e-06
srv3_q_f(2015)            1 -4.78474e-05
srv3_q_f(2016)     0.885679 -1.11456e-07
srv3_q_f(2017)     0.851401 -5.47847e-08
srv3_q_f(2018)     0.696701  3.55712e-08
srv3_q_f(2019)     0.397713 -4.68774e-07
srv3_q_f(2020)     0.559364 -4.01015e-07
srv3_sel95_f      49.9215  6.71296e-08
srv3_sel50_f      38.3507  6.79056e-06
srvind_q     0.999997 -7.24445e-10
srvind_q_f     0.131087 -4.65976e-07
srvind_sel95_f      54.9907  4.12145e-07
srvind_sel50_f      50.1467  3.44554e-07
srv10ind_q     0.940344  6.23805e-07
srv10ind_q_f     0.865036 -2.47635e-07
selsmo10ind(1)       19.997  1.60985e-06
selsmo10ind(2)      19.9971   -7.662e-06
selsmo10ind(3)      19.9972 -7.92549e-06
selsmo10ind(4)      19.9973 -1.78318e-06
selsmo10ind(5)      19.9974  8.85297e-06
selsmo10ind(6)      19.9975 -6.85543e-06
selsmo10ind(7)      19.9976  3.60072e-07
selsmo10ind(8)      19.9977  5.69158e-07
selsmo10ind(9)      19.9978  4.52568e-07
selsmo10ind(10)      19.9979 -5.94978e-06
selsmo10ind(11)       19.998 -4.05799e-06
selsmo10ind(12)      19.9981  2.38519e-06
selsmo10ind(13)      19.9981  8.67542e-06
selsmo10ind(14)      19.9982  1.32841e-05
selsmo10ind(15)      19.9983 -8.54671e-06
selsmo10ind(16)      19.9983  -1.4396e-05
selsmo10ind(17)      19.9983 -1.54901e-05
selsmo10ind(18)      19.9983 -2.82839e-06
selsmo10ind(19)      19.9983   -4.396e-06
selsmo10ind(20)      19.9983  4.51393e-06
selsmo10ind(21)      19.9983 -6.07425e-08
selsmo10ind(22)      19.9983  1.73214e-06
selsmo09ind(1)     -9.07672 -1.13533e-06
selsmo09ind(2)     -8.00192  1.45049e-06
selsmo09ind(3)     -6.92763  1.13547e-07
selsmo09ind(4)     -5.85808 -6.11047e-07
selsmo09ind(5)     -4.80722 -2.40591e-07
selsmo09ind(6)     -3.81028  2.37403e-06
selsmo09ind(7)     -2.92556 -2.22128e-06
selsmo09ind(8)     -2.23591 -2.69265e-06
selsmo09ind(9)     -1.78785 -7.64432e-07
selsmo09ind(10)      -1.5064  2.04982e-06
selsmo09ind(11)     -1.31471  1.97498e-06
selsmo09ind(12)     -1.11571 -2.17803e-06
selsmo09ind(13)    -0.878951 -4.99965e-07
selsmo09ind(14)     -0.69522  4.70958e-07
selsmo09ind(15)    -0.690645  1.70868e-06
selsmo09ind(16)    -0.849737 -1.22955e-06
selsmo09ind(17)      -1.0424 -2.10526e-06
selsmo09ind(18)     -1.15569 -2.15599e-07
selsmo09ind(19)     -1.14671  2.49144e-06
selsmo09ind(20)     -1.04074 -1.53823e-06
selsmo09ind(21)    -0.893162 -2.34206e-06
selsmo09ind(22)    -0.732497  4.13246e-07
Mmult_imat      1.12943  -0.00216878
Mmult      1.09135  -0.00127609
Mmultf      1.18375  3.62692e-06
m_dev_m(1982)      0.92911   0.00017669
m_dev_m(1983)   -0.0355598   0.00019122
m_dev_m(1984)     -1.02679  0.000162525
m_dev_m(1985)     -1.95336  0.000118744
m_dev_m(1986)     -2.63673  6.36741e-05
m_dev_m(1987)     -2.98184   1.3154e-05
m_dev_m(1988)      -3.0003  1.75548e-05
m_dev_m(1989)     -2.79503  4.69768e-05
m_dev_m(1990)     -2.32543  7.04473e-05
m_dev_m(1991)     -1.63108  8.58186e-05
m_dev_m(1992)    -0.818086  0.000114808
m_dev_m(1993)  -0.00769699  4.75732e-05
m_dev_m(1994)     0.837141  -5.0333e-05
m_dev_m(1995)      1.49435 -0.000161778
m_dev_m(1996)      1.79726 -0.000828986
m_dev_m(1997)      1.27506  -0.00139285
m_dev_m(1998)      1.29553 -0.000589922
m_dev_m(1999)      1.38864  5.84697e-05
m_dev_m(2000)      1.53412  5.88587e-05
m_dev_m(2001)      1.58837  6.86931e-05
m_dev_m(2002)      1.41063  0.000102133
m_dev_m(2003)      1.13226  0.000108456
m_dev_m(2004)     0.902177   0.00011171
m_dev_m(2005)     0.778475  0.000108852
m_dev_m(2006)     0.726242  9.57605e-05
m_dev_m(2007)     0.764655  7.43126e-05
m_dev_m(2008)     0.796789  5.49134e-05
m_dev_m(2009)     0.610244  4.80953e-05
m_dev_m(2010)     0.172415  4.84376e-05
m_dev_m(2011)    -0.365831  7.69421e-05
m_dev_m(2012)    -0.899853   9.8155e-05
m_dev_m(2013)     -1.31317  9.86277e-05
m_dev_m(2014)     -1.48771  9.56047e-05
m_dev_m(2015)     -1.33998  0.000102384
m_dev_m(2016)    -0.844748  0.000112381
m_dev_m(2017)   -0.0245629  0.000111562
m_dev_m(2018)     0.999208  7.91097e-05
m_dev_m(2019)      2.05536  1.25453e-05
m_dev_m(2020)       2.9997 -2.94795e-06
m_dev_f(1982)     0.915574  4.85217e-07
m_dev_f(1983)      1.30033 -3.15889e-07
m_dev_f(1984)      1.43455 -1.38206e-06
m_dev_f(1985)      1.03281  -4.0474e-07
m_dev_f(1986)     0.309396  -1.0203e-06
m_dev_f(1987)    -0.495684 -2.12091e-07
m_dev_f(1988)     -1.21391 -2.23135e-06
m_dev_f(1989)     -1.74566  1.14769e-06
m_dev_f(1990)     -2.04785  2.46208e-07
m_dev_f(1991)     -2.09802   2.1264e-08
m_dev_f(1992)     -1.90336 -7.76822e-08
m_dev_f(1993)     -1.50561 -5.44518e-07
m_dev_f(1994)     -0.97684 -1.50702e-06
m_dev_f(1995)    -0.404317  -8.0996e-07
m_dev_f(1996)     0.124525 -1.25469e-06
m_dev_f(1997)     0.561566  1.28934e-06
m_dev_f(1998)     0.844095  -1.6341e-06
m_dev_f(1999)     0.967427 -1.31697e-06
m_dev_f(2000)     0.992081  -1.1383e-07
m_dev_f(2001)     0.968222 -1.20115e-06
m_dev_f(2002)     0.948084  1.20974e-06
m_dev_f(2003)     0.937437  2.72638e-08
m_dev_f(2004)     0.927685  1.73366e-06
m_dev_f(2005)     0.876515  5.21411e-07
m_dev_f(2006)     0.756847  1.32834e-06
m_dev_f(2007)     0.589605 -8.45808e-07
m_dev_f(2008)     0.440831  3.23922e-06
m_dev_f(2009)     0.355859  1.37119e-06
m_dev_f(2010)     0.395168  1.48023e-06
m_dev_f(2011)     0.565307  1.81814e-07
m_dev_f(2012)     0.780223  -1.1746e-06
m_dev_f(2013)     0.932883 -6.73564e-07
m_dev_f(2014)     0.914087  2.93132e-06
m_dev_f(2015)     0.650813 -8.41815e-07
m_dev_f(2016)     0.113893  1.70284e-06
m_dev_f(2017)    -0.607873 -2.16709e-07
m_dev_f(2018)     -1.41452 -1.04037e-06
m_dev_f(2019)     -2.22202   -1.159e-06
m_dev_f(2020)     -3.00014  6.52346e-07
cpueq   0.00107615 -1.25619e-08
