# Number of parameters = 362 Objective function value = -1156.48099712239  Maximum gradient component = 0.00537433826907911
# af:
-1.15390000000
# am:
2.04920000000
# bf:
1.33890000000
# bm:
1.22580000000
# bf1:
1.15108525751
# deltaf:
120.000000000
# st_gr:
0.500000000000
# growth_beta:
 0.750000000000 0.750000000000
# matest50f:
45.0000000000
# matestslpf:
0.275000000000
# matest50m:
85.0000000000
# matestslpm:
0.260000000000
# mateste:
 -4.78704088192 -4.32297116038 -3.85890164300 -3.39526591128 -2.93820723276 -2.51476735877 -2.15921775484 -1.89195641073 -1.73932642148 -1.65714307707 -1.60881372658 -1.59929136563 -1.53864209882 -1.28194853375 -0.792797877314 -0.242591029895 -1.54427226562e-09
# matestfe:
 -4.22378159537 -3.27826240482 -2.33273782566 -1.39328566317 -0.537527436901 -0.106423270991 -0.0922423764696 -0.0421066204532
# moltp_af:
2.00000000000
# moltp_bf:
150.000000000
# moltp_am:
1.52000000000
# moltp_bm:
215.000000000
# moltp_ammat:
0.0500000000000
# moltp_bmmat:
105.000000000
# mean_log_rec_f:
13.3538556343
# mean_log_rec_m:
13.2696527700
# rec_devf:
 -1.46807442319 -0.698748376321 0.286782704706 1.98830109442 0.998808422242 0.443778034063 -0.275077004489 0.407770863031 0.373241250181 0.786233461339 0.855914324053 0.580800218148 -0.699202899536 -0.971088334436 -0.977083014817 -0.707621709987 -0.310276411967 -0.868003668183 -1.04388494698 -1.05155056236 -0.171767316587 0.665441663025 -0.0418436792711 -0.132660040851 -0.639641712956 -0.612668521896 1.55570663674 0.652188029581 0.308376801848 0.434597700343 0.667298649780 -0.0644489737807 -0.0811257891945 -0.0704112001448 -0.0582973490557 -0.0415263219852 -0.0192417008841 -0.000995904564525 9.93002612331e-09
# rec_devm:
 1.10880537356 0.922194844890 1.17248117125 1.60131566577 1.21045591505 1.69581876481 -1.57124914725 -0.934680315572 -0.644978536748 2.27403886515 0.0738664738395 -0.528640394714 -1.28024821535 -1.72603437799 -1.39874940021 0.306586081227 -0.0520461208266 -1.04779536934 -0.989662762718 -0.0193060829646 0.758644382200 0.615716134739 0.557831460577 -0.216235491890 -1.30816438628 -1.17185077369 0.604479964255 0.547444603919 -0.0986532344137 -0.0456498718493 0.0395466122689 -0.112655345246 -0.149566039905 -0.124467885311 -0.0525590491233 -0.0126169239611 -0.00277182344005 -0.000644766420737 1.71848782498e-09
# alpha1_rec:
11.5000000000
# beta_rec:
4.00000000000
# mnatlen_styr:
 11.3229357203 11.4156278566 11.6237801892 11.8965425821 12.0750759729 11.9861176019 11.7922994974 11.5734594939 11.5090134929 11.3593033500 10.9927509061 10.8944731586 11.0237517207 10.3622251828 9.09081528694 8.03011163880 7.23012650815 6.64915536170 6.22441528595 5.91457918248 5.70521263299 5.59925613173
 2.12888764937 3.45138136996 4.77386954432 6.09628244729 7.41775478160 8.72743047674 9.87963823378 10.7614055488 11.3412587668 11.6674950573 11.8087715230 11.8284524885 11.7809416657 11.6726652470 11.4631671107 11.1221834187 10.5349085225 9.71756293160 8.73865673221 7.67049605244 6.56564465886 5.45199375660
# fnatlen_styr:
 9.27363403788 9.36613378916 9.68746455897 10.3297655350 11.6712671207 12.7870938609 12.1852731405 11.2344357347 10.2125989343 9.21844255465 8.61504875943 8.34348113686
 9.55533229114 9.65249202329 9.95992829400 10.7081906654 12.0632062960 12.6780856465 12.1823124208 11.2423449766 10.3431834540 9.34266063684 8.70453817560 8.41237762712
# log_avg_fmort:
-0.304343692521
# fmort_dev:
 -0.736141394093 -1.24181973596 -0.529624274200 0.0319166875831 0.477522980649 1.01282064488 0.840820022586 0.580500018237 1.43795900119 1.72893049905 1.28140035317 0.710758291961 0.405258508841 0.243579755626 -0.128356322361 0.260719070020 0.423619173552 -0.859035400724 -0.827169601280 -0.231966372979 -0.433717275477 -0.931786866071 -0.973935967038 -0.391818480424 -0.361121567164 -0.0849814355441 -0.503334706704 -0.929250628534 -0.821260667514 0.0303874409875 0.319028264880 0.172241314538 0.147964363978 0.257911724752 0.0521149758554 -0.757134999212 -0.236237460465 0.563240063410
# log_avg_fmortdf:
-6.03445629180
# fmortdf_dev:
 -0.0539611421660 -0.0836022017288 -0.0351708453060 -0.0225394383284 0.0254676820776 -0.0785263003533 -0.247739418863 -0.212337973446 -0.120861602837 0.0183544907082 0.654449639278 0.277256819664 0.0431112022671 -0.298719417176 0.182532587036 -0.245937585137 -0.159065994418 -0.143008868361 -0.116912814937 -0.0995875156661 -0.0653775570663 -0.0659658884307 -0.0676758070566 -0.105047565449 -0.154279921315 -0.114144598348 -0.111970364752 -0.0959148085801 -0.210112496787 1.12726349191 -0.209175531742 0.119094839075 1.04966527902 0.187481746940 -0.185771345984 -0.150939174005 -0.114759863501 -0.115571736233
# log_avg_fmortt:
-5.14718056779
# fmortt_dev_era1:
 0.231271773226 0.206388003397 0.150068041857 0.116988403699 -0.274041579780 -0.307796489673 -0.426664707717 -0.467005706395 0.0104490588229 0.760343202564
# fmortt_dev_era2:
 1.33147246306 1.13644482750 2.01511453181 0.793805141755 -0.134803291242 -0.166509864920 -0.194859868041 0.126643611782 0.128987302037 -0.0263390478891 -0.265321517216 0.186458619955 0.532388244504 -0.244785894069 0.0911860283891 -0.405863507846 -0.504715086396 -0.127384887100 -0.612767981093 -0.498911059987 -0.251383517187 -0.403445278432 -0.461671175796 -0.477720225011 -0.508336903201 -0.506892099589 -0.290403810026 -0.260385755750
# discard_mult:
1.00000000000
# Fem_F_prop_constant:
0.500000050000
# log_avg_sel50_mn:
4.65948298995
# log_sel50_dev_mn:
 0.00000000000 0.00000000000 0.00000000000 0.00000000000 0.00000000000 0.00000000000 0.00000000000 0.00000000000 0.00000000000 0.00000000000 0.00000000000 0.00000000000 0.00000000000 0.00000000000 0.00000000000 0.00000000000 0.00000000000 0.00000000000 0.00000000000 0.00000000000 0.00000000000 0.00000000000 0.00000000000 0.00000000000 0.00000000000 0.00000000000 0.00000000000 0.00000000000 0.00000000000 0.00000000000 0.00000000000 0.00000000000 0.00000000000 0.00000000000 0.00000000000 0.00000000000 0.00000000000 0.00000000000 0.00000000000
# log_avg_sel50_mo:
4.50000000000
# log_sel50_dev_mo:
 0.00000000000 0.00000000000 0.00000000000 0.00000000000 0.00000000000 0.00000000000 0.00000000000 0.00000000000 0.00000000000 0.00000000000 0.00000000000 0.00000000000 0.00000000000 0.00000000000 0.00000000000 0.00000000000 0.00000000000 0.00000000000 0.00000000000 0.00000000000 0.00000000000 0.00000000000 0.00000000000 0.00000000000 0.00000000000 0.00000000000 0.00000000000 0.00000000000 0.00000000000 0.00000000000 0.00000000000 0.00000000000 0.00000000000 0.00000000000 0.00000000000 0.00000000000 0.00000000000 0.00000000000 0.00000000000
# fish_slope_mn:
0.184081852815
# fish_slope_mo:
0.450000000000
# fish_fit_slope_mn:
0.472641618888
# fish_fit_sel50_mn:
95.9545080389
# fish_fit_slope_mo:
0.275000000000
# fish_fit_sel50_mo:
100.000000000
# fish_slope_mo2:
1.95000000000
# fish_sel50_mo2:
159.500000000
# fish_slope_mn2:
1.00500000000
# fish_sel50_mn2:
130.000000000
# fish_disc_slope_f:
0.256128446760
# fish_disc_sel50_f:
4.21742206645
# log_dev_50f:
 0.00000000000 0.00000000000 0.00000000000 0.00000000000 0.00000000000 0.00000000000 0.00000000000 0.00000000000 0.00000000000 0.00000000000 0.00000000000 0.00000000000 0.00000000000 0.00000000000 0.00000000000 0.00000000000 0.00000000000 0.00000000000 0.00000000000 0.00000000000 0.00000000000 0.00000000000 0.00000000000 0.00000000000 0.00000000000
# fish_disc_slope_tf:
0.0783437336725
# fish_disc_sel50_tf:
108.786915510
# srv1_q:
0.625613107797
# srv1_q_f:
0.577333297245
# srv1_sel95:
63.7931648411
# srv1_sel50:
36.5119281951
# srv2_q:
0.489406340451
# srv2_q_f:
0.810903379674
# srv2_sel95:
60.4826011936
# srv2_sel50:
41.5042866355
# srv3_q:
0.733668113315
# srv3_sel95:
57.3569267751
# srv3_sel50:
39.0941382877
# srv3_q_f:
0.999999971291
# srv3_sel95_f:
49.6634696351
# srv3_sel50_f:
37.8440238614
# srvind_q:
0.999996501692
# srvind_q_f:
0.165192713151
# srvind_sel95_f:
55.4988085275
# srvind_sel50_f:
50.4151684807
# srv10ind_q:
0.831450778941
# srv10ind_q_f:
0.999999473548
# srv10ind_sel95_f:
26.4042645794
# srv10ind_sel50_f:
24.1180932646
# selsmo10ind:
 19.9515192073 19.9534496892 19.9553802387 19.9573106471 19.9592410965 19.9611717514 19.9631027657 19.9650344525 19.9669669924 19.9689008109 19.9708360011 19.9727726277 19.9747108613 19.9766506852 19.9785921684 19.9805350077 19.9824793264 19.9844249006 19.9863714220 19.9883184584 19.9902658847 19.9922132399
# selsmo09ind:
 -9.36463913321 -8.25689675967 -7.14959509721 -6.04655721528 -4.96086824035 -3.92647218002 -3.00023638823 -2.26396788014 -1.76455900215 -1.43425765327 -1.21167069277 -1.01312850103 -0.810562247454 -0.687194149589 -0.753542966499 -0.972361406284 -1.19577189505 -1.31627573762 -1.30525931586 -1.19571194640 -1.04496880237 -0.881132575763
# Mmult_imat:
1.09543532585
# Mmult:
1.08494735400
# Mmultf:
1.35267756578
# cpueq:
0.00107525117708
# proprecn:
1.00000000000
