ParName   Value   Gradient
mateste(1)     -4.91965 -1.46091e-06
mateste(2)     -4.40712  3.83136e-06
mateste(3)      -3.8946  1.90794e-06
mateste(4)     -3.38278 -3.72754e-06
mateste(5)     -2.87985 -4.74262e-06
mateste(6)     -2.41466 -8.75966e-07
mateste(7)     -2.01845  2.77892e-06
mateste(8)     -1.71082  6.33795e-06
mateste(9)     -1.52382  7.52046e-06
mateste(10)     -1.40943  4.29941e-06
mateste(11)      -1.3364  5.36836e-06
mateste(12)      -1.3416  7.95559e-06
mateste(13)     -1.33724  9.36738e-06
mateste(14)     -1.15502  1.67177e-05
mateste(15)    -0.735596  1.89614e-05
mateste(16)    -0.220843  1.32577e-05
mateste(17) -1.50755e-09  1.67343e-06
matestfe(1)     -4.45669 -5.91542e-07
matestfe(2)     -3.45378  1.24767e-06
matestfe(3)     -2.45086 -5.21043e-07
matestfe(4)     -1.45497 -2.58675e-06
matestfe(5)    -0.554724   2.3929e-06
matestfe(6)    -0.111684 -3.41814e-06
matestfe(7)    -0.094475  2.87246e-06
matestfe(8)     -0.03183 -8.60573e-07
mean_log_rec_f      13.7464  2.84363e-06
mean_log_rec_m      13.4269 -5.91697e-06
rec_devf(1982)     -1.53716 -4.87266e-06
rec_devf(1983)    -0.784483 -7.80959e-06
rec_devf(1984)      0.20701 -1.04633e-05
rec_devf(1985)      1.93346 -3.82318e-07
rec_devf(1986)      0.97085  -1.5411e-06
rec_devf(1987)     0.233891    -2.65e-06
rec_devf(1988)      -0.3922 -1.85209e-06
rec_devf(1989)     0.428781  3.75963e-06
rec_devf(1990)     0.465354  2.29204e-06
rec_devf(1991)       1.0568 -9.58647e-07
rec_devf(1992)      1.23282 -1.76547e-06
rec_devf(1993)      1.12328 -6.29463e-06
rec_devf(1994)    -0.379517 -1.91911e-06
rec_devf(1995)    -0.694466 -1.43359e-06
rec_devf(1996)    -0.723214  1.70806e-06
rec_devf(1997)     -0.49275   3.1672e-06
rec_devf(1998)     -0.20283  5.59794e-06
rec_devf(1999)    -0.723361  4.62441e-06
rec_devf(2000)    -0.887246  3.23488e-06
rec_devf(2001)     -1.00934  1.33691e-06
rec_devf(2002)      -0.1936  5.13188e-06
rec_devf(2003)     0.805752  1.81086e-06
rec_devf(2004)     0.358464  2.13644e-06
rec_devf(2005)    0.0379862  2.02731e-06
rec_devf(2006)    -0.702719  2.95556e-06
rec_devf(2007)    -0.724402  2.83721e-06
rec_devf(2008)      1.12631  1.65018e-05
rec_devf(2009)    0.0180805  3.49511e-06
rec_devf(2010)    -0.563921 -1.22796e-06
rec_devf(2011)    -0.423366 -2.78604e-06
rec_devf(2012)    -0.300148 -7.59727e-06
rec_devf(2013)    -0.516132 -3.91348e-06
rec_devf(2014)     0.241217 -5.98382e-07
rec_devf(2015)      1.19203  1.53443e-06
rec_devf(2016)      1.16899 -5.13291e-06
rec_devf(2017)    -0.469077 -3.29667e-06
rec_devf(2018)    -0.879505 -9.27996e-07
rec_devf(2019)   -0.0016442 -2.18659e-06
rec_devf(2020) -1.67433e-08 -2.71701e-06
rec_devm(1982)      1.04701 -0.000398187
rec_devm(1983)     0.966841 -0.000342067
rec_devm(1984)      1.17253 -3.55769e-05
rec_devm(1985)      1.80573  0.000256987
rec_devm(1986)      1.53614  0.000516221
rec_devm(1987)      1.89201  0.000762535
rec_devm(1988)     -1.42367   1.1746e-05
rec_devm(1989)    -0.949181 -3.91168e-06
rec_devm(1990)    -0.019344 -5.35534e-07
rec_devm(1991)      2.71452    0.0002719
rec_devm(1992)    -0.386013  3.57782e-05
rec_devm(1993)    0.0864215  1.46055e-05
rec_devm(1994)    -0.821446 -6.28448e-06
rec_devm(1995)      -1.3491 -6.20253e-06
rec_devm(1996)     -1.01833 -1.61403e-05
rec_devm(1997)     0.903252 -0.000185637
rec_devm(1998)     0.281916 -0.000141194
rec_devm(1999)    -0.711579 -5.99486e-05
rec_devm(2000)    -0.688356 -6.82397e-05
rec_devm(2001)     0.180896 -0.000172584
rec_devm(2002)      1.20657  -0.00039263
rec_devm(2003)     0.830005 -0.000213295
rec_devm(2004)     0.547734 -1.85138e-05
rec_devm(2005)    -0.439708  3.40215e-05
rec_devm(2006)     -1.49295  1.43325e-05
rec_devm(2007)     -1.27669  1.11471e-05
rec_devm(2008)      0.41695  2.35238e-05
rec_devm(2009)    -0.660531  1.71724e-05
rec_devm(2010)     -1.07247  1.57589e-05
rec_devm(2011)     -1.34556  9.94491e-06
rec_devm(2012)    -0.860468  1.46489e-05
rec_devm(2013)       -1.371  6.90561e-06
rec_devm(2014)     -0.47742  8.33779e-06
rec_devm(2015)      1.91331  7.37673e-06
rec_devm(2016)     0.595755  3.22656e-06
rec_devm(2017)    -0.871844  2.31967e-06
rec_devm(2018)     -0.86113  6.14676e-06
rec_devm(2019) -0.000797967  3.32328e-06
rec_devm(2020) -1.85524e-08  2.73874e-06
mnatlen_styr(1,1)       11.493 -7.23262e-06
mnatlen_styr(1,2)      11.5741 -6.69711e-06
mnatlen_styr(1,3)      11.7754 -4.37194e-06
mnatlen_styr(1,4)      12.0576 -1.44128e-05
mnatlen_styr(1,5)      12.2605  -2.2164e-05
mnatlen_styr(1,6)      12.1867 -2.40506e-05
mnatlen_styr(1,7)      12.0138 -2.53454e-05
mnatlen_styr(1,8)      11.7958  -2.1236e-05
mnatlen_styr(1,9)      11.7104 -2.16349e-05
mnatlen_styr(1,10)      11.5799 -2.34902e-05
mnatlen_styr(1,11)      11.2166 -1.78096e-05
mnatlen_styr(1,12)      11.0756  -1.5168e-05
mnatlen_styr(1,13)       11.194 -1.82815e-05
mnatlen_styr(1,14)      10.5853  -1.2382e-05
mnatlen_styr(1,15)      9.30386 -3.73691e-06
mnatlen_styr(1,16)      8.22043 -2.86314e-06
mnatlen_styr(1,17)      7.40789   2.0715e-07
mnatlen_styr(1,18)      6.82044   -3.368e-07
mnatlen_styr(1,19)      6.39222 -1.10728e-07
mnatlen_styr(1,20)      6.08052  4.13764e-07
mnatlen_styr(1,21)      5.87038  5.53397e-08
mnatlen_styr(1,22)      5.76425   1.7757e-08
mnatlen_styr(2,1)      2.10233 -3.46514e-07
mnatlen_styr(2,2)      3.42612 -3.70052e-07
mnatlen_styr(2,3)       4.7499  4.60216e-07
mnatlen_styr(2,4)      6.07361  9.60493e-07
mnatlen_styr(2,5)      7.39645 -1.40157e-06
mnatlen_styr(2,6)      8.70808 -1.50473e-06
mnatlen_styr(2,7)      9.86856 -8.07502e-07
mnatlen_styr(2,8)      10.7674  1.46567e-06
mnatlen_styr(2,9)      11.3707  1.40416e-06
mnatlen_styr(2,10)       11.722  2.30252e-07
mnatlen_styr(2,11)      11.8885  1.22397e-06
mnatlen_styr(2,12)      11.9349 -1.37591e-06
mnatlen_styr(2,13)       11.915  -3.3042e-07
mnatlen_styr(2,14)      11.8284  7.82753e-07
mnatlen_styr(2,15)      11.6183 -8.17248e-06
mnatlen_styr(2,16)      11.2563 -1.33094e-05
mnatlen_styr(2,17)      10.6633 -9.27796e-06
mnatlen_styr(2,18)      9.85495  -3.7985e-06
mnatlen_styr(2,19)       8.8895 -2.75018e-06
mnatlen_styr(2,20)      7.83478 -6.71877e-07
mnatlen_styr(2,21)      6.74265 -8.23875e-07
mnatlen_styr(2,22)      5.64145   4.9282e-07
fnatlen_styr(1,1)      9.58364  2.69147e-07
fnatlen_styr(1,2)      9.67434 -6.62764e-08
fnatlen_styr(1,3)      9.99182  1.29428e-07
fnatlen_styr(1,4)      10.6256 -8.35673e-07
fnatlen_styr(1,5)      11.9535  -6.6984e-07
fnatlen_styr(1,6)      13.0629 -1.16584e-06
fnatlen_styr(1,7)      12.4644 -1.26092e-06
fnatlen_styr(1,8)      11.5248  3.24679e-07
fnatlen_styr(1,9)      10.4968  -6.2905e-07
fnatlen_styr(1,10)      9.50278  4.97545e-07
fnatlen_styr(1,11)      8.90125 -1.04947e-06
fnatlen_styr(1,12)      8.63099  4.33344e-08
fnatlen_styr(2,1)      9.89743  2.35726e-07
fnatlen_styr(2,2)      9.99241 -1.16229e-06
fnatlen_styr(2,3)      10.2947  1.82932e-06
fnatlen_styr(2,4)      11.0349 -8.00279e-07
fnatlen_styr(2,5)      12.3754 -7.61523e-07
fnatlen_styr(2,6)      12.9719 -1.43374e-06
fnatlen_styr(2,7)      12.4622  -3.3425e-08
fnatlen_styr(2,8)      11.5124 -1.07307e-06
fnatlen_styr(2,9)      10.6174  4.47721e-07
fnatlen_styr(2,10)      9.62173  5.05652e-07
fnatlen_styr(2,11)      8.98755 -1.95295e-07
fnatlen_styr(2,12)      8.69748 -2.47769e-08
log_avg_fmort    -0.550153  -2.8545e-05
fmort_dev(1982)    -0.678137  9.35293e-06
fmort_dev(1983)     -1.20597  1.06237e-05
fmort_dev(1984)    -0.478183  1.09655e-05
fmort_dev(1985)     0.101058 -1.34093e-05
fmort_dev(1986)     0.577759 -4.58533e-05
fmort_dev(1987)      1.25563  9.94252e-05
fmort_dev(1988)      1.24979 -9.24998e-05
fmort_dev(1989)     0.999899  -0.00014207
fmort_dev(1990)      1.80095  0.000175661
fmort_dev(1991)      1.79021 -0.000297315
fmort_dev(1992)      1.11367  0.000249942
fmort_dev(1993)     0.514428  9.62844e-05
fmort_dev(1994)     0.139304 -4.20415e-06
fmort_dev(1995)    -0.128371 -2.56014e-06
fmort_dev(1996)    -0.448565 -4.54239e-05
fmort_dev(1997)   -0.0730823  4.50451e-06
fmort_dev(1998)   -0.0525178  0.000165938
fmort_dev(1999)     -1.45597  1.72118e-05
fmort_dev(2000)     -1.46029  1.14195e-05
fmort_dev(2001)     -0.93683  2.40629e-06
fmort_dev(2002)     -1.09467  1.18781e-06
fmort_dev(2003)     -1.45148  4.17238e-06
fmort_dev(2004)     -1.40597  4.75591e-06
fmort_dev(2005)    -0.819303   -1.562e-05
fmort_dev(2006)    -0.749203 -1.75716e-05
fmort_dev(2007)    -0.409164 -7.61673e-05
fmort_dev(2008)    -0.745836 -8.30142e-05
fmort_dev(2009)     -1.04586 -6.35507e-05
fmort_dev(2010)    -0.820701  -3.4252e-05
fmort_dev(2011)    0.0898326  1.10646e-05
fmort_dev(2012)     0.426491  1.67338e-05
fmort_dev(2013)     0.559814  9.03013e-06
fmort_dev(2014)      1.01996  4.42479e-06
fmort_dev(2015)     0.966087  6.34028e-06
fmort_dev(2016)     0.621249  5.40893e-06
fmort_dev(2017)     0.608902   5.5374e-06
fmort_dev(2018)      1.12385  5.25917e-06
fmort_dev(2019)     0.501228  6.26453e-06
log_avg_fmortdf     -6.25859  6.66461e-07
fmortdf_dev(1982)   -0.0522302  2.04037e-07
fmortdf_dev(1983)   -0.0819223 -4.60735e-07
fmortdf_dev(1984)   -0.0372161   8.2686e-07
fmortdf_dev(1985)   -0.0245819 -1.08239e-06
fmortdf_dev(1986)    0.0231833  1.68511e-07
fmortdf_dev(1987)    -0.065154 -9.53137e-07
fmortdf_dev(1988)    -0.229489 -1.05719e-07
fmortdf_dev(1989)    -0.187658  8.63995e-07
fmortdf_dev(1990)    -0.090394  1.16016e-06
fmortdf_dev(1991)    0.0463083  5.35204e-07
fmortdf_dev(1992)     0.681726 -1.93101e-06
fmortdf_dev(1993)     0.255196  7.58986e-07
fmortdf_dev(1994)   -0.0307211  1.17326e-06
fmortdf_dev(1995)     -0.42128  1.16171e-06
fmortdf_dev(1996)     0.015331 -4.29025e-07
fmortdf_dev(1997)    -0.382907  7.83245e-07
fmortdf_dev(1998)    -0.271084 -1.06719e-06
fmortdf_dev(1999)    -0.230744  9.46568e-07
fmortdf_dev(2000)    -0.186083 -4.82845e-07
fmortdf_dev(2001)    -0.153986 -7.75734e-07
fmortdf_dev(2002)    -0.105376 -6.94714e-07
fmortdf_dev(2003)   -0.0976142 -1.40374e-07
fmortdf_dev(2004)   -0.0921516  8.27414e-07
fmortdf_dev(2005)    -0.134245  2.78569e-07
fmortdf_dev(2006)     -0.20145 -2.08235e-07
fmortdf_dev(2007)     -0.16926 -3.21524e-07
fmortdf_dev(2008)    -0.162243  7.20567e-07
fmortdf_dev(2009)    -0.131135 -1.52409e-06
fmortdf_dev(2010)    -0.184423  1.25509e-06
fmortdf_dev(2011)      1.34598  8.34486e-07
fmortdf_dev(2012)    -0.080301  -1.1334e-06
fmortdf_dev(2013)     0.274148 -9.73392e-07
fmortdf_dev(2014)      1.52222  1.44841e-06
fmortdf_dev(2015)     0.343833 -4.37196e-07
fmortdf_dev(2016)   -0.0475226  7.77641e-07
fmortdf_dev(2017)    -0.125931 -9.75378e-07
fmortdf_dev(2018)    -0.238538 -4.05559e-07
fmortdf_dev(2019)    -0.292293  2.30556e-06
log_avg_fmortt     -5.52418  8.51112e-07
fmortt_dev_era1(1982)     0.154323 -8.73967e-07
fmortt_dev_era1(1983)     0.152751   1.2217e-06
fmortt_dev_era1(1984)      0.12762  7.51413e-07
fmortt_dev_era1(1985)     0.103268  8.06274e-07
fmortt_dev_era1(1986)    -0.328975  1.23657e-06
fmortt_dev_era1(1987)    -0.327985  5.37069e-07
fmortt_dev_era1(1988)    -0.405557  7.60263e-07
fmortt_dev_era1(1989)     -0.42291 -6.51109e-07
fmortt_dev_era1(1990)     0.110015  8.65676e-07
fmortt_dev_era1(1991)      0.83745 -2.58744e-06
fmortt_dev_era2(1992)      1.33742 -5.57631e-06
fmortt_dev_era2(1993)      1.08504 -5.25848e-07
fmortt_dev_era2(1994)      1.86389   8.6387e-07
fmortt_dev_era2(1995)     0.570853 -1.82009e-06
fmortt_dev_era2(1996)    -0.313649 -1.30509e-06
fmortt_dev_era2(1997)    -0.325168 -1.47528e-06
fmortt_dev_era2(1998)     -0.38629  9.28274e-07
fmortt_dev_era2(1999)    -0.121108  1.64851e-06
fmortt_dev_era2(2000)   -0.0533387 -1.16725e-06
fmortt_dev_era2(2001)    -0.147922 -4.42493e-07
fmortt_dev_era2(2002)    -0.374743  1.62266e-06
fmortt_dev_era2(2003)    0.0382379   1.8047e-06
fmortt_dev_era2(2004)     0.352466   1.1287e-06
fmortt_dev_era2(2005)    -0.298459 -1.04688e-09
fmortt_dev_era2(2006)    0.0204761  2.53563e-07
fmortt_dev_era2(2007)    -0.458681  1.77773e-06
fmortt_dev_era2(2008)    -0.545288  1.00214e-06
fmortt_dev_era2(2009)    -0.137037  4.42789e-07
fmortt_dev_era2(2010)    -0.551537 -1.44095e-06
fmortt_dev_era2(2011)    -0.403097   1.4632e-06
fmortt_dev_era2(2012)    -0.137275 -6.25926e-07
fmortt_dev_era2(2013)    -0.230818  4.96966e-07
fmortt_dev_era2(2014)    -0.182795   2.1589e-07
fmortt_dev_era2(2015)    -0.145429  1.23546e-07
fmortt_dev_era2(2016)    -0.175075 -6.22528e-07
fmortt_dev_era2(2017)    -0.186832  4.70842e-07
fmortt_dev_era2(2018)   -0.0188404  4.98733e-07
fmortt_dev_era2(2019)   -0.0750002  5.21522e-08
Fem_F_prop_constant          0.5            0
log_avg_sel50_mn      4.65181  0.000144253
fish_slope_mn     0.188288  6.60347e-06
fish_fit_slope_mn     0.499999 -8.30349e-08
fish_fit_sel50_mn      96.6226  5.02127e-05
fish_disc_slope_f     0.257827   8.1937e-07
fish_disc_sel50_f      4.22898  3.12726e-06
fish_disc_slope_tf     0.086368 -2.46203e-06
fish_disc_sel50_tf       104.03 -8.98782e-07
srv2_q      0.42577  2.67793e-07
srv2_q_f     0.624404 -1.34591e-06
srv2_sel95      61.1222  1.17104e-06
srv2_sel50      42.1655  1.13186e-07
srv3_q(1988)     0.729169 -4.40845e-08
srv3_q(1989)     0.717946  3.82693e-07
srv3_q(1990)     0.785657  1.95873e-08
srv3_q(1991)     0.770912  -3.9185e-07
srv3_q(1992)     0.545387 -4.32266e-08
srv3_q(1993)     0.469646 -1.05155e-08
srv3_q(1994)     0.474065 -1.07926e-07
srv3_q(1995)     0.502121  2.17453e-07
srv3_q(1996)     0.482819  8.78204e-08
srv3_q(1997)     0.447457  -4.2645e-07
srv3_q(1998)     0.358158 -9.27863e-07
srv3_q(1999)     0.255945 -7.35803e-07
srv3_q(2000)     0.308028 -1.83281e-07
srv3_q(2001)     0.485716 -3.90597e-07
srv3_q(2002)     0.403573 -4.99787e-07
srv3_q(2003)     0.309884   3.5282e-07
srv3_q(2004)     0.326008 -3.67738e-07
srv3_q(2005)     0.477299 -3.65106e-07
srv3_q(2006)     0.492063  1.35598e-07
srv3_q(2007)     0.495432 -3.05187e-08
srv3_q(2008)     0.453717  9.91179e-08
srv3_q(2009)     0.443362   4.8322e-08
srv3_q(2010)     0.571872 -8.56621e-07
srv3_q(2011)     0.718272  2.78973e-07
srv3_q(2012)     0.749497  3.57961e-07
srv3_q(2013)     0.791976  6.76915e-07
srv3_q(2014)     0.999999  4.60219e-08
srv3_q(2015)     0.987293  3.25943e-07
srv3_q(2016)     0.941834 -2.41216e-07
srv3_q(2017)     0.999907 -2.60068e-08
srv3_q(2018)            1  1.23507e-06
srv3_q(2019)      0.94416 -2.24045e-07
srv3_q(2020)      0.88832  1.66695e-07
srv3_sel95      53.1897  1.87113e-06
srv3_sel50      36.8901 -3.36547e-06
srv3_q_f(1988)     0.782543 -6.44724e-08
srv3_q_f(1989)     0.999999 -3.23971e-07
srv3_q_f(1990)            1 -1.41307e-07
srv3_q_f(1991)            1  1.79892e-07
srv3_q_f(1992)     0.880799 -3.04816e-07
srv3_q_f(1993)     0.699586  3.73122e-07
srv3_q_f(1994)     0.579224  5.37379e-08
srv3_q_f(1995)     0.555791  -3.6525e-07
srv3_q_f(1996)     0.448755 -8.97238e-08
srv3_q_f(1997)     0.510745 -1.06471e-07
srv3_q_f(1998)     0.494583  1.78201e-07
srv3_q_f(1999)     0.369009  1.91531e-07
srv3_q_f(2000)     0.579798  -4.2819e-08
srv3_q_f(2001)     0.605938  1.74634e-07
srv3_q_f(2002)     0.494448  4.46677e-07
srv3_q_f(2003)     0.577115 -2.39069e-07
srv3_q_f(2004)     0.687989  1.77931e-08
srv3_q_f(2005)     0.665671  2.93411e-07
srv3_q_f(2006)     0.503389  4.69169e-07
srv3_q_f(2007)     0.445149  1.87265e-07
srv3_q_f(2008)      0.45201  -2.0844e-07
srv3_q_f(2009)     0.568446  1.61454e-07
srv3_q_f(2010)     0.659633  4.30917e-07
srv3_q_f(2011)     0.909731 -1.99503e-07
srv3_q_f(2012)            1  4.70352e-07
srv3_q_f(2013)            1  1.30738e-07
srv3_q_f(2014)     0.968038 -1.07597e-07
srv3_q_f(2015)     0.860522  3.93352e-07
srv3_q_f(2016)     0.810556 -2.79672e-07
srv3_q_f(2017)     0.836413  1.87971e-07
srv3_q_f(2018)     0.786269  2.50271e-07
srv3_q_f(2019)     0.661329 -1.62971e-07
srv3_q_f(2020)     0.536388 -1.75888e-07
srv3_sel95_f      48.0518 -2.48694e-06
srv3_sel50_f      36.7888   3.3223e-06
srvind_q     0.999997  2.48177e-10
srvind_q_f     0.123697  6.84725e-08
srvind_sel95_f      53.8351  3.02795e-06
srvind_sel50_f       49.429 -1.05423e-05
srv10ind_q      0.69486  -1.0233e-06
srv10ind_q_f     0.877792 -1.70544e-07
selsmo10ind(1)      17.4081  8.41665e-06
selsmo10ind(2)      17.5175  0.000296469
selsmo10ind(3)      17.6269 -0.000536401
selsmo10ind(4)      17.7363  0.000248029
selsmo10ind(5)      17.8457  0.000112726
selsmo10ind(6)      17.9552 -0.000387155
selsmo10ind(7)      18.0646  -0.00040278
selsmo10ind(8)       18.174  0.000361858
selsmo10ind(9)      18.2834  -0.00024263
selsmo10ind(10)      18.3928  0.000110738
selsmo10ind(11)      18.5022 -0.000285389
selsmo10ind(12)      18.6116  0.000271038
selsmo10ind(13)       18.721 -7.79394e-05
selsmo10ind(14)      18.8305  0.000395226
selsmo10ind(15)      18.9399 -0.000406972
selsmo10ind(16)      19.0493  0.000327876
selsmo10ind(17)      19.1587  0.000278075
selsmo10ind(18)      19.2681  0.000224703
selsmo10ind(19)      19.3775  -0.00050771
selsmo10ind(20)      19.4869  -0.00011498
selsmo10ind(21)      19.5963  0.000697628
selsmo10ind(22)      19.7057  0.000405551
selsmo09ind(1)     -9.13729 -9.45112e-07
selsmo09ind(2)     -8.07413  1.34915e-06
selsmo09ind(3)     -7.01142  1.94702e-06
selsmo09ind(4)     -5.95306  6.44375e-07
selsmo09ind(5)     -4.91218 -2.39912e-06
selsmo09ind(6)     -3.92225 -2.26351e-06
selsmo09ind(7)     -3.03829  1.07869e-06
selsmo09ind(8)     -2.33737  2.72662e-06
selsmo09ind(9)     -1.86262  5.77013e-07
selsmo09ind(10)     -1.54315 -2.45716e-06
selsmo09ind(11)     -1.31546 -1.73874e-06
selsmo09ind(12)     -1.09641  2.76536e-06
selsmo09ind(13)     -0.86962   4.0433e-06
selsmo09ind(14)    -0.736618  1.05885e-06
selsmo09ind(15)    -0.818466 -3.75147e-06
selsmo09ind(16)     -1.07253 -2.04487e-06
selsmo09ind(17)     -1.33393  9.39254e-07
selsmo09ind(18)     -1.48566  3.20402e-06
selsmo09ind(19)     -1.49775 -1.43154e-06
selsmo09ind(20)     -1.40531 -3.66025e-06
selsmo09ind(21)     -1.26885 -1.35036e-06
selsmo09ind(22)     -1.11835  2.39889e-06
Mmult_imat      1.17821  2.28219e-05
Mmult      1.12107   3.7162e-05
Mmultf      1.40003 -2.49889e-06
cpueq   0.00103177 -2.19961e-07
