# Number of parameters = 427 Objective function value = 3129.85157780628  Maximum gradient component = 163.401653571127
# af:
-1.15390000000
# am:
2.04920000000
# bf:
1.33890000000
# bm:
1.22580000000
# bf1:
1.15108525751
# deltaf:
120.000000000
# st_gr:
0.500000000000
# growth_beta:
 0.750000000000 0.750000000000
# matest50f:
45.0000000000
# matestslpf:
0.275000000000
# matest50m:
85.0000000000
# matestslpm:
0.260000000000
# mateste:
 -4.88470008954 -4.38172758089 -3.87875415454 -3.37651733534 -2.88354805650 -2.42927249262 -2.04646541232 -1.75268671470 -1.57102544055 -1.45321814222 -1.37543201769 -1.36711958967 -1.33838484767 -1.13414876860 -0.710891353322 -0.208979662280 -2.25982521584e-09
# matestfe:
 -4.45163858687 -3.46193737753 -2.47223293449 -1.48984643851 -0.601318073746 -0.144241864662 -0.107887224269 -0.0381225642199
# moltp_af:
2.00000000000
# moltp_bf:
150.000000000
# moltp_am:
1.52000000000
# moltp_bm:
215.000000000
# moltp_ammat:
0.0500000000000
# moltp_bmmat:
105.000000000
# mean_log_rec_f:
13.7695538574
# mean_log_rec_m:
13.4880041751
# rec_devf:
 -1.48047536613 -0.793826732982 0.221990922439 1.94252685588 0.745507491817 0.191209597259 -0.425409582332 0.359556640438 0.376210441804 0.975380692577 1.14060536235 1.01680963259 -0.447975275959 -0.747402851738 -0.764927480030 -0.570886935201 -0.263587041762 -0.782732161974 -0.944581016642 -1.05503389662 -0.250282128215 0.781620493544 0.246569415033 0.0305652340858 -0.805249209950 -0.759536898685 1.09704138315 -0.0232428052841 -0.587473141552 -0.425984828202 -0.269793125675 -0.485875093867 0.386032313167 1.24948772142 1.20077489000 -0.0286309953600 -0.0468293633963 -0.00213056510968 -2.25908816152e-05
# rec_devm:
 0.904791797706 0.906325530418 1.08958527097 1.71149149320 1.40407353191 1.77251665357 -1.50979452333 -1.04225682071 -0.357926534778 2.54555739984 -0.0947729444968 -0.0961105376619 -1.01456794318 -1.50848302526 -1.18048989532 0.677991080660 0.155838032983 -0.873394930718 -0.852189886205 0.00309834857798 1.05297238695 0.744176467848 0.469886510508 -0.467218936935 -1.53434101504 -1.34407220593 0.328882304292 -0.748857527700 -1.07507627664 -1.36138192444 -1.19961134169 -0.429048389388 0.999715572874 1.58711566344 0.764459721757 -0.423098152326 -0.00472958223766 -0.00103827665748 -1.70968663342e-05
# alpha1_rec:
11.5000000000
# beta_rec:
4.00000000000
# mnatlen_styr:
 11.5962934051 11.6757790352 11.8679122235 12.1234432266 12.2898448644 12.1952289885 12.0071365578 11.7875028461 11.6978278595 11.5422956862 11.1787540849 11.0478565134 11.1340746671 10.4702394351 9.19155491654 8.11777422587 7.31307398768 6.72982402945 6.30282638341 5.99013127989 5.77796045528 5.67030373038
 2.05256697653 3.39344387141 4.73431467934 6.07511886594 7.41507884587 8.74389838945 9.91684187186 10.8198849137 11.4185119376 11.7586603367 11.9106861958 11.9414556660 11.9055402875 11.8030297543 11.5775966634 11.1955558636 10.5732751032 9.73442592798 8.74384291168 7.66908249967 6.55959258254 5.44176286847
# fnatlen_styr:
 10.6370443708 10.6367131219 10.6365031360 10.6362647116 10.6364119424 10.6368605750 10.6375776387 10.6375449584 10.6376902565 10.6378595810 10.6383072978 10.6384933587
 10.0631300160 10.1737826216 10.5166535713 11.3498013935 12.8897645517 13.7307399480 13.1735889055 12.2380100935 11.2996425396 10.1322072161 9.37766071375 9.03965777323
# log_avg_fmort:
-0.408617857388
# fmort_dev:
 -0.660179612523 -1.20987834266 -0.505858395024 0.0583136499455 0.525467654634 1.23138434473 1.22339115185 0.939708853165 1.76372064600 1.80255913323 1.13719742530 0.532558167954 0.185250369151 -0.0497578932001 -0.407207800293 -0.0448997800496 -0.0105478587919 -1.39959531717 -1.39790733661 -0.859779504361 -1.01349565407 -1.38850775876 -1.35868753172 -0.767668092437 -0.691873228818 -0.367827424383 -0.737392619812 -1.06898279484 -0.863420166252 0.0482860023794 0.405803229669 0.541463886671 0.998279914496 0.930328572571 0.552012675922 0.477949463760 0.325656722761 1.12413524759
# log_avg_fmortdf:
-6.34952861851
# fmortdf_dev:
 -0.0402751229466 -0.0249778264664 -0.0105877970612 -0.0116442591899 0.0248932011808 -0.0486568202700 -0.220199813293 -0.182888738720 -0.0876823058355 0.0483326795423 0.690423564520 0.267244107610 -0.0134036333319 -0.402187085855 0.0326867152814 -0.374950812590 -0.268420662632 -0.230684246491 -0.186873969488 -0.156446298853 -0.109354469101 -0.102556407607 -0.0962191233794 -0.135232809528 -0.201273317646 -0.171203717357 -0.166583716163 -0.137016510274 -0.185192982887 1.34345107050 -0.0887979082469 0.265291760249 1.49512782049 0.335545997707 -0.0669390237877 -0.155622874587 -0.278865684397 -0.348258979092
# log_avg_fmortt:
-5.35329599070
# fmortt_dev_era1:
 0.185055541348 0.176947502705 0.131721285227 0.0946471453977 -0.335105816463 -0.330040265884 -0.409240613221 -0.431922905115 0.0907080096567 0.827230116348
# fmortt_dev_era2:
 1.34259374718 1.09814562413 1.91412451405 0.643218786435 -0.268740009002 -0.301418002131 -0.361326199670 -0.0800881553020 -0.0157863859984 -0.117811944336 -0.349085504114 0.0736203804638 0.392675196086 -0.282457069936 0.0447242299925 -0.445807256756 -0.542608674783 -0.145534304441 -0.573977834013 -0.429422406611 -0.159674432028 -0.253900985814 -0.209664980570 -0.168433701218 -0.203352592422 -0.226229305804 -0.0958986035058 -0.277884129887
# discard_mult:
1.00000000000
# Fem_F_prop_constant:
0.500000050000
# log_avg_sel50_mn:
4.65939922586
# log_sel50_dev_mn:
 0.00000000000 0.00000000000 0.00000000000 0.00000000000 0.00000000000 0.00000000000 0.00000000000 0.00000000000 0.00000000000 0.00000000000 0.00000000000 0.00000000000 0.00000000000 0.00000000000 0.00000000000 0.00000000000 0.00000000000 0.00000000000 0.00000000000 0.00000000000 0.00000000000 0.00000000000 0.00000000000 0.00000000000 0.00000000000 0.00000000000 0.00000000000 0.00000000000 0.00000000000 0.00000000000 0.00000000000 0.00000000000 0.00000000000 0.00000000000 0.00000000000 0.00000000000 0.00000000000 0.00000000000 0.00000000000
# log_avg_sel50_mo:
4.50000000000
# log_sel50_dev_mo:
 0.00000000000 0.00000000000 0.00000000000 0.00000000000 0.00000000000 0.00000000000 0.00000000000 0.00000000000 0.00000000000 0.00000000000 0.00000000000 0.00000000000 0.00000000000 0.00000000000 0.00000000000 0.00000000000 0.00000000000 0.00000000000 0.00000000000 0.00000000000 0.00000000000 0.00000000000 0.00000000000 0.00000000000 0.00000000000 0.00000000000 0.00000000000 0.00000000000 0.00000000000 0.00000000000 0.00000000000 0.00000000000 0.00000000000 0.00000000000 0.00000000000 0.00000000000 0.00000000000 0.00000000000 0.00000000000
# fish_slope_mn:
0.187453185021
# fish_slope_mo:
0.450000000000
# fish_fit_slope_mn:
0.485122973430
# fish_fit_sel50_mn:
96.5139798666
# fish_fit_slope_mo:
0.275000000000
# fish_fit_sel50_mo:
100.000000000
# fish_slope_mo2:
1.95000000000
# fish_sel50_mo2:
159.500000000
# fish_slope_mn2:
1.00500000000
# fish_sel50_mn2:
130.000000000
# fish_disc_slope_f:
0.251679818964
# fish_disc_sel50_f:
4.22811228087
# log_dev_50f:
 0.00000000000 0.00000000000 0.00000000000 0.00000000000 0.00000000000 0.00000000000 0.00000000000 0.00000000000 0.00000000000 0.00000000000 0.00000000000 0.00000000000 0.00000000000 0.00000000000 0.00000000000 0.00000000000 0.00000000000 0.00000000000 0.00000000000 0.00000000000 0.00000000000 0.00000000000 0.00000000000 0.00000000000 0.00000000000
# fish_disc_slope_tf:
0.0843771366618
# fish_disc_sel50_tf:
107.088778116
# srv1_q:
0.625613107797
# srv1_q_f:
0.577333297245
# srv1_sel95:
63.7931648411
# srv1_sel50:
36.5119281951
# srv2_q:
0.446550470983
# srv2_q_f:
0.625202174155
# srv2_sel95:
63.4051072169
# srv2_sel50:
42.8525094257
# srv3_q:
 0.750736544388 0.740464586122 0.809983274198 0.798704558515 0.578424315848 0.505977841032 0.520265394329 0.553420858610 0.531330296883 0.489162963115 0.394071858532 0.287070244304 0.347825346787 0.541396838393 0.456831035537 0.352071131497 0.369055918081 0.529022544581 0.540665982383 0.538051201717 0.487974464274 0.467389027352 0.593335422085 0.745200307208 0.781416731295 0.824151018742 0.999998657781 0.916753481590 0.856995493247 0.905420945508 0.999999861429 0.999999391590 0.999913248600
# srv3_sel95:
54.0565673307
# srv3_sel50:
37.2436450428
# srv3_q_f:
 0.779281907807 0.999999391999 0.999999861877 0.999990391376 0.881000815755 0.710818228375 0.601411069183 0.580142940022 0.468673366632 0.524853120050 0.501558389672 0.375796718934 0.588935548551 0.614474458339 0.503553403695 0.586767716665 0.699068694785 0.678335197574 0.517469777013 0.457585886127 0.460291607854 0.573472819498 0.661055694948 0.908655759107 0.999999218515 0.999999835443 0.999477326048 0.922013497245 0.785572342444 0.769537987107 0.755905188205 0.742289613382 0.728709213980
# srv3_sel95_f:
47.6403433112
# srv3_sel50_f:
36.5490324952
# srvind_q:
0.999996831743
# srvind_q_f:
0.119076318154
# srvind_sel95_f:
51.9226168949
# srvind_sel50_f:
48.6899398005
# srv10ind_q:
0.722027959887
# srv10ind_q_f:
0.888709168848
# srv10ind_sel95_f:
26.4042645794
# srv10ind_sel50_f:
24.1180932646
# selsmo10ind:
 19.7992650357 18.6890074490 17.5983048860 16.5255998276 15.4703931420 14.4341287430 13.4155447528 12.4152867499 11.4331200105 10.4687279868 9.52146629037 8.59232709512 7.67961346181 6.78558234303 5.90914067885 5.05057459751 4.21035953037 3.38666379836 2.58005292103 1.78991523379 1.01614411706 0.258848333835
# selsmo09ind:
 -9.13747678061 -8.07023496297 -7.00343955461 -5.94091763265 -4.89562178054 -3.90077478022 -3.01132919144 -2.30525955373 -1.82790005647 -1.51080559084 -1.29103999615 -1.08439991359 -0.869968031528 -0.742200918855 -0.817069696349 -1.05246601466 -1.29001095095 -1.41864534792 -1.40987064485 -1.29834278652 -1.14361359322 -0.975235465179
# Mmult_imat:
1.17193042535
# Mmult:
1.11396146808
# Mmultf:
1.37670967174
# cpueq:
0.00106696254244
# proprecn:
1.00000000000
