# Number of parameters = 427 Objective function value = 1389.29895755791  Maximum gradient component = 91.1362008349193
# af:
-1.15390000000
# am:
2.04920000000
# bf:
1.33890000000
# bm:
1.22580000000
# bf1:
1.15108525751
# deltaf:
120.000000000
# st_gr:
0.500000000000
# growth_beta:
 0.750000000000 0.750000000000
# matest50f:
45.0000000000
# matestslpf:
0.275000000000
# matest50m:
85.0000000000
# matestslpm:
0.260000000000
# mateste:
 -4.88167606532 -4.39064440544 -3.89961537883 -3.40934252930 -2.92785251281 -2.48277846161 -2.10526350386 -1.81383262413 -1.63293426373 -1.51699663842 -1.43727111797 -1.41417617801 -1.36303643565 -1.13786544937 -0.701808861476 -0.202902967322 -1.48014400736e-09
# matestfe:
 -4.39267613115 -3.40992681498 -2.42717143522 -1.45104307967 -0.565112375483 -0.118106203679 -0.0980114239003 -0.0341397734649
# moltp_af:
2.00000000000
# moltp_bf:
150.000000000
# moltp_am:
1.52000000000
# moltp_bm:
215.000000000
# moltp_ammat:
0.0500000000000
# moltp_bmmat:
105.000000000
# mean_log_rec_f:
13.8251383761
# mean_log_rec_m:
13.5189904459
# rec_devf:
 -1.60840457913 -0.865096268985 0.125090884631 1.82313088697 0.792627997011 0.150900626152 -0.465602519741 0.300472361286 0.348894576259 0.918136801841 1.08740772473 0.975237153302 -0.469631286502 -0.785750279213 -0.813713557512 -0.598859882666 -0.307943814267 -0.805958757111 -0.967836181056 -1.07746209878 -0.270746788373 0.739622178031 0.285905045134 0.0139075092049 -0.731793869235 -0.736022288407 1.15802377103 0.0933314573344 -0.399299236571 -0.175034722788 0.0772812454905 -0.0446926341355 0.897039120350 1.57795812229 -0.111585454034 -0.0847883652425 -0.0426246449816 -0.00194978868226 -0.000170443633774
# rec_devm:
 0.917746406945 0.774842541597 1.01676757538 1.58917345103 1.35238388594 1.67919246484 -1.55057634333 -1.09813456676 -0.379988114529 2.46818697010 -0.259924597772 -0.171098452173 -1.06608167667 -1.55679384515 -1.22258502469 0.607666587679 0.0829056338764 -0.924652534790 -0.907621442285 -0.0603296279384 0.969931244020 0.667280141861 0.380239095288 -0.549653561903 -1.59910207674 -1.40405966399 0.283197298074 -0.553492752681 -0.707515023064 0.132525621188 -0.423464201840 -0.537416422413 0.999136172452 1.16455518880 -0.0863173586946 -0.0212424644690 -0.00467076915186 -0.000989097916200 -2.06601322516e-05
# alpha1_rec:
11.5000000000
# beta_rec:
4.00000000000
# mnatlen_styr:
 11.4046745677 11.4903792994 11.6947196403 11.9774424436 12.1790568298 12.1103324545 11.9371073882 11.7292530371 11.6550076876 11.5067629633 11.1519038775 11.0396725284 11.1345796742 10.4514831405 9.16869184052 8.09229690793 7.28557058392 6.70174473826 6.27582413196 5.96556768354 5.75562599724 5.64945153152
 2.11296675577 3.43723705284 4.76150289899 6.08569979358 7.40899930437 8.72081460060 9.87785037124 10.7679114328 11.3582396859 11.6955497498 11.8497701823 11.8874836324 11.8642542627 11.7819958103 11.5863642374 11.2350127592 10.6284446958 9.79084718612 8.79346523653 7.70869924379 6.58822920792 5.45924153669
# fnatlen_styr:
 9.54927637903 9.64135020503 9.95959834427 10.5961215028 11.9243117364 13.0404914497 12.4501506814 11.5158563634 10.4915092051 9.49971687377 8.89943872853 8.62976568467
 9.86657360149 9.96237377921 10.2673647384 11.0140570612 12.3695400057 12.9782167938 12.4662208623 11.5143567894 10.6175190679 9.62139313164 8.98721722368 8.69730541139
# log_avg_fmort:
-0.495952311599
# fmort_dev:
 -0.580535923160 -1.10683545608 -0.389442148210 0.189226890773 0.675379405452 1.33336746265 1.27707762393 1.02045214736 1.85946182262 1.89694082176 1.22591088115 0.615997649382 0.250282636701 0.0215752457021 -0.314931597792 0.0457841682036 0.0713566854031 -1.32538359650 -1.33061483593 -0.799834832261 -0.949319297981 -1.31762250249 -1.28909968335 -0.705199320835 -0.629288759802 -0.292535332346 -0.653255656255 -0.982267345401 -0.777951160194 0.122586408082 0.452206495150 0.546295485948 0.873723552763 0.450526505538 -0.481690653272 -0.398692894939 0.219743802812 1.17660530542
# log_avg_fmortdf:
-6.30225803565
# fmortdf_dev:
 -0.0403317714560 -0.0712497823752 -0.0329854030677 -0.0227689297602 0.0239596206106 -0.0363995205266 -0.183966763143 -0.141948011272 -0.0526132732161 0.0786570943406 0.731718895691 0.297687032016 0.0173133010975 -0.370648366638 0.0701610636122 -0.345334334984 -0.243842185204 -0.210493901221 -0.169999945407 -0.141678359857 -0.0972737287665 -0.0923041595122 -0.0874903160007 -0.125471181423 -0.190124746835 -0.160765761202 -0.158055735329 -0.130979266169 -0.188577317764 1.31623078689 -0.101530053104 0.248727218532 1.39822041119 0.313066312250 -0.137075541098 -0.280669977675 -0.341824965217 -0.339338438006
# log_avg_fmortt:
-5.37185916347
# fmortt_dev_era1:
 0.171247386542 0.175053495265 0.141408686832 0.106371455203 -0.337565508751 -0.343367668207 -0.426395955321 -0.440669263605 0.104939678065 0.848977693978
# fmortt_dev_era2:
 1.36197987823 1.11109335591 1.91278488560 0.647172741613 -0.251965531522 -0.282732994738 -0.344313733568 -0.0678163117740 -0.00322647653574 -0.100940156253 -0.328938968480 0.0885764001799 0.400654515962 -0.262752179020 0.0609428937517 -0.424419457286 -0.519649836424 -0.124791437737 -0.548770040403 -0.404625822173 -0.134334375866 -0.232858570032 -0.203747768404 -0.180241725471 -0.289833662957 -0.376960081259 -0.198424759815 -0.301860781539
# discard_mult:
1.00000000000
# Fem_F_prop_constant:
0.500000050000
# log_avg_sel50_mn:
4.66533760431
# log_sel50_dev_mn:
 0.00000000000 0.00000000000 0.00000000000 0.00000000000 0.00000000000 0.00000000000 0.00000000000 0.00000000000 0.00000000000 0.00000000000 0.00000000000 0.00000000000 0.00000000000 0.00000000000 0.00000000000 0.00000000000 0.00000000000 0.00000000000 0.00000000000 0.00000000000 0.00000000000 0.00000000000 0.00000000000 0.00000000000 0.00000000000 0.00000000000 0.00000000000 0.00000000000 0.00000000000 0.00000000000 0.00000000000 0.00000000000 0.00000000000 0.00000000000 0.00000000000 0.00000000000 0.00000000000 0.00000000000 0.00000000000
# log_avg_sel50_mo:
4.50000000000
# log_sel50_dev_mo:
 0.00000000000 0.00000000000 0.00000000000 0.00000000000 0.00000000000 0.00000000000 0.00000000000 0.00000000000 0.00000000000 0.00000000000 0.00000000000 0.00000000000 0.00000000000 0.00000000000 0.00000000000 0.00000000000 0.00000000000 0.00000000000 0.00000000000 0.00000000000 0.00000000000 0.00000000000 0.00000000000 0.00000000000 0.00000000000 0.00000000000 0.00000000000 0.00000000000 0.00000000000 0.00000000000 0.00000000000 0.00000000000 0.00000000000 0.00000000000 0.00000000000 0.00000000000 0.00000000000 0.00000000000 0.00000000000
# fish_slope_mn:
0.178858351717
# fish_slope_mo:
0.450000000000
# fish_fit_slope_mn:
0.470280930735
# fish_fit_sel50_mn:
96.3870944501
# fish_fit_slope_mo:
0.275000000000
# fish_fit_sel50_mo:
100.000000000
# fish_slope_mo2:
1.95000000000
# fish_sel50_mo2:
159.500000000
# fish_slope_mn2:
1.00500000000
# fish_sel50_mn2:
130.000000000
# fish_disc_slope_f:
0.253975842683
# fish_disc_sel50_f:
4.23607805576
# log_dev_50f:
 0.00000000000 0.00000000000 0.00000000000 0.00000000000 0.00000000000 0.00000000000 0.00000000000 0.00000000000 0.00000000000 0.00000000000 0.00000000000 0.00000000000 0.00000000000 0.00000000000 0.00000000000 0.00000000000 0.00000000000 0.00000000000 0.00000000000 0.00000000000 0.00000000000 0.00000000000 0.00000000000 0.00000000000 0.00000000000
# fish_disc_slope_tf:
0.0817349137645
# fish_disc_sel50_tf:
107.597626638
# srv1_q:
0.625613107797
# srv1_q_f:
0.577333297245
# srv1_sel95:
63.7931648411
# srv1_sel50:
36.5119281951
# srv2_q:
0.446638159036
# srv2_q_f:
0.618377051060
# srv2_sel95:
60.6438451409
# srv2_sel50:
41.8017777845
# srv3_q:
 0.773453791051 0.765913582836 0.835924924466 0.820230487206 0.592006344610 0.516909763927 0.534883510816 0.568607638794 0.540344073292 0.491820381646 0.393920268461 0.285646635235 0.346689670672 0.539594552592 0.453976825986 0.348328293918 0.364673503048 0.527654537365 0.544948608257 0.542566598811 0.489605272946 0.465105269539 0.588856017310 0.738251055646 0.748024923354 0.743161468233 0.854413296344 0.674299691999 0.501519930935 0.380668199189 0.298812641147 0.242916660023 0.200004845229
# srv3_sel95:
54.5693940850
# srv3_sel50:
36.8390544628
# srv3_q_f:
 0.793177254767 0.999999596232 0.999999608456 0.999997460754 0.881956698730 0.708705645327 0.598492628036 0.576507445932 0.463620588063 0.517111886748 0.492378653775 0.365090140206 0.574494830576 0.598129601402 0.485807354379 0.566912574783 0.678007125817 0.655599422116 0.493799805450 0.433107829291 0.433206473529 0.542692121403 0.616432551405 0.864350383790 0.996205240240 0.999999562835 0.901342592314 0.676274509425 0.383471935577 0.242999737469 0.200005187003 0.200001114217 0.200481473403
# srv3_sel95_f:
48.8152431912
# srv3_sel50_f:
37.1065666726
# srvind_q:
0.999996673018
# srvind_q_f:
0.119757975312
# srvind_sel95_f:
53.7105645060
# srvind_sel50_f:
49.3862186511
# srv10ind_q:
0.717073477703
# srv10ind_q_f:
0.831029215179
# srv10ind_sel95_f:
26.4042645794
# srv10ind_sel50_f:
24.1180932646
# selsmo10ind:
 19.9474666087 18.8113488900 17.6809731141 16.5620748945 15.4582947541 14.3659966331 13.2860533743 12.2196203867 11.1670603192 10.1269050715 9.10262266884 8.09004788472 7.09086357184 6.10483939069 5.13222957139 4.17160953579 3.22470842333 2.29179527411 1.37390533633 0.472441294378 -0.413339130413 -1.28481183496
# selsmo09ind:
 -9.13019334592 -8.05282067370 -6.97589879480 -5.90329305651 -4.84811182901 -3.84398966797 -2.94668344234 -2.23544343670 -1.75655808778 -1.44286460723 -1.23275723896 -1.04296344955 -0.850545659694 -0.745466793702 -0.839035385281 -1.08568775466 -1.32643072473 -1.45248931211 -1.43790868672 -1.31919432902 -1.15688690590 -0.980868239780
# Mmult_imat:
1.14792687753
# Mmult:
1.10122889733
# Mmultf:
1.36988772042
# cpueq:
0.000898869191867
# proprecn:
1.00000000000
