# Number of parameters = 440 Objective function value = -1356.11791526578  Maximum gradient component = 0.503674425182817
# af:
-1.15390000000
# am:
2.04920000000
# bf:
1.33890000000
# bm:
1.22580000000
# bf1:
1.15108525751
# deltaf:
120.000000000
# st_gr:
0.500000000000
# growth_beta:
 0.750000000000 0.750000000000
# matest50f:
45.0000000000
# matestslpf:
0.275000000000
# matest50m:
85.0000000000
# matestslpm:
0.260000000000
# mateste:
 -4.17669754583 -3.74930013105 -3.32190304917 -2.89464597843 -2.47113254111 -2.07753889243 -1.74669741038 -1.49291235649 -1.33392915161 -1.22381268994 -1.14666035473 -1.12759355345 -1.07382877100 -0.869004220445 -0.506602320768 -0.131999032662 -1.59100821406e-09
# matestfe:
 -3.60391251137 -2.78266998767 -1.96140518063 -1.14528586427 -0.406845491491 -0.0808955001455 -0.0932646619971 -0.0406112469801
# moltp_af:
2.00000000000
# moltp_bf:
150.000000000
# moltp_am:
1.52000000000
# moltp_bm:
215.000000000
# moltp_ammat:
0.0500000000000
# moltp_bmmat:
105.000000000
# mean_log_rec_f:
13.8586574736
# mean_log_rec_m:
13.9139376022
# rec_devf:
 -1.09244532725 -1.13621288446 0.0675517963182 1.70880824998 1.20145370856 0.880446199541 -0.178658175975 0.706137911946 0.536700582610 0.915145066217 0.960114086286 0.885332238975 -0.430521491367 -0.665606538360 -0.848503753081 -0.579504249832 0.0318152426255 -0.713515651417 -0.739535674756 -0.717846847872 0.0196763685215 0.752590717191 0.109023477584 -0.118817099661 -0.745374681245 -0.964766399318 0.863949745725 0.202301256127 -0.335240266649 0.195405838401 0.739899929615 -0.331314960522 -0.317909040137 -0.290149346873 -0.257042563681 -0.200478126762 -0.110234902856 -0.00267522562661 7.91485150240e-07
# rec_devm:
 0.347153080795 0.550076020852 0.748006221503 1.93367112751 0.671661413232 1.75482035389 -1.12413067745 0.0629536290868 0.209761590034 2.41820021639 -0.150568881050 0.474378282758 -0.913477405738 -1.49786174107 -1.15725914487 0.616159043114 -0.0367983766852 -0.993601722970 -0.980342416218 0.0247640484676 0.641962877651 0.504284859677 0.410025876703 -0.633950252466 -1.66714062896 -1.52425581489 0.227028873034 0.296297633954 -0.0904833468521 -0.0435873888687 0.0636912733239 -0.310224980766 -0.363421453293 -0.295731929198 -0.131639052609 -0.0320664775807 -0.00689590586848 -0.00145829477906 -5.29803387668e-07
# alpha1_rec:
11.5000000000
# beta_rec:
4.00000000000
# mnatlen_styr:
 11.8195906893 11.8681443844 12.0493730588 12.3144026174 12.5081515315 12.4284763334 12.2608935634 12.1116935103 12.0343074297 11.8274682629 11.5103888203 11.4369049496 11.3927279297 10.5592171076 9.28415973647 8.24130608341 7.44463223594 6.85381391426 6.41120373915 6.07846044534 5.84777696561 5.72968317736
 1.80274726265 3.19398946027 4.58522945219 5.97643144517 7.36705181474 8.74872152378 9.98937782814 10.9772029343 11.6640335367 12.0747809682 12.2668265381 12.3042964221 12.2450218517 12.1004587635 11.8363121410 11.4093751718 10.7253581591 9.83030864671 8.80309285134 7.70685876071 6.58311909637 5.45291294519
# fnatlen_styr:
 10.5307187702 10.6604248011 10.9957580481 11.5346033973 12.7310359773 13.5431905188 12.8691838320 11.9052000346 10.8951215497 9.93769083056 9.36055651765 9.10258972872
 10.4131024384 10.4923016544 10.7425160401 11.3458756766 12.4555211182 13.1276646498 12.6993118088 11.8217885189 10.9838108264 10.0433301082 9.44038384008 9.16455154667
# log_avg_fmort:
-0.194658061309
# fmort_dev:
 -0.728148352295 -1.34399110803 -0.687442208912 -0.184599023646 0.186159905051 0.862023588006 0.957792389430 0.657203941549 1.30855526937 1.54597190629 1.27146442819 0.623459001619 0.323977359157 0.0498209008160 -0.0740913835661 0.203820029860 0.343785092253 -1.06893410683 -0.993638149675 -0.240253897934 -0.549145608463 -1.13415674746 -1.11227065352 -0.436634870294 -0.419432357543 -0.188324456499 -0.606984475043 -1.01770238686 -0.892005372537 -0.0384028487875 0.155821553297 -0.146818157327 0.475304613123 0.572722261894 0.532150123696 0.361642761645 0.507066930898 0.924234109068
# log_avg_fmortdf:
-6.69483937094
# fmortdf_dev:
 -0.0953140637896 -0.0793172595320 -0.0670792598750 -0.0711445192396 -0.0526142959426 0.0110057766396 -0.0521266523058 -0.0192583142468 0.0491447828777 0.165306980546 0.998748265685 0.387343352293 0.176418581534 -0.129388477380 0.291734710355 -0.138613562597 -0.100770265329 -0.106487345342 -0.101992741245 -0.0951873103549 -0.0799216278877 -0.0812219150656 -0.0803864655828 -0.0841105104698 -0.0943125243613 -0.0746294360969 -0.0820723493088 -0.0870790301559 -0.141979879073 1.46096333203 -0.158903586935 0.0912176860063 0.847776261568 -0.0792921366777 -0.520226642975 -0.564150894118 -0.593006301609 -0.649072362037
# log_avg_fmortt:
-5.05012467436
# fmortt_dev_era1:
 0.245340178265 0.240363269646 0.170540823064 0.106337409421 -0.325098826701 -0.323056440303 -0.420128675107 -0.490905258158 -0.00300157748431 0.799609097356
# fmortt_dev_era2:
 1.43867780216 1.20894527476 2.02378523323 0.731026142168 -0.0202796446835 -0.0692607958102 -0.118435665972 0.149211388417 0.161630207622 0.0126951999634 -0.232834347886 0.204779357256 0.570474836599 -0.198112519910 0.134897944878 -0.368772342688 -0.464647068179 -0.0751573004934 -0.554080776890 -0.441229992951 -0.222340675511 -0.425623097848 -0.561511935702 -0.601529062996 -0.676021588821 -0.699773407606 -0.472515875086 -0.433997288017
# discard_mult:
1.00000000000
# Fem_F_prop_constant:
0.500000050000
# log_avg_sel50_mn:
4.66657501834
# log_sel50_dev_mn:
 0.00000000000 0.00000000000 0.00000000000 0.00000000000 0.00000000000 0.00000000000 0.00000000000 0.00000000000 0.00000000000 0.00000000000 0.00000000000 0.00000000000 0.00000000000 0.00000000000 0.00000000000 0.00000000000 0.00000000000 0.00000000000 0.00000000000 0.00000000000 0.00000000000 0.00000000000 0.00000000000 0.00000000000 0.00000000000 0.00000000000 0.00000000000 0.00000000000 0.00000000000 0.00000000000 0.00000000000 0.00000000000 0.00000000000 0.00000000000 0.00000000000 0.00000000000 0.00000000000 0.00000000000 0.00000000000
# log_avg_sel50_mo:
4.50000000000
# log_sel50_dev_mo:
 0.00000000000 0.00000000000 0.00000000000 0.00000000000 0.00000000000 0.00000000000 0.00000000000 0.00000000000 0.00000000000 0.00000000000 0.00000000000 0.00000000000 0.00000000000 0.00000000000 0.00000000000 0.00000000000 0.00000000000 0.00000000000 0.00000000000 0.00000000000 0.00000000000 0.00000000000 0.00000000000 0.00000000000 0.00000000000 0.00000000000 0.00000000000 0.00000000000 0.00000000000 0.00000000000 0.00000000000 0.00000000000 0.00000000000 0.00000000000 0.00000000000 0.00000000000 0.00000000000 0.00000000000 0.00000000000
# fish_slope_mn:
0.198859861873
# fish_slope_mo:
0.450000000000
# fish_fit_slope_mn:
0.437527047007
# fish_fit_sel50_mn:
95.8728410959
# fish_fit_slope_mo:
0.275000000000
# fish_fit_sel50_mo:
100.000000000
# fish_slope_mo2:
1.95000000000
# fish_sel50_mo2:
159.500000000
# fish_slope_mn2:
1.00500000000
# fish_sel50_mn2:
130.000000000
# fish_disc_slope_f:
0.277673191298
# fish_disc_sel50_f:
4.20455423204
# log_dev_50f:
 0.00000000000 0.00000000000 0.00000000000 0.00000000000 0.00000000000 0.00000000000 0.00000000000 0.00000000000 0.00000000000 0.00000000000 0.00000000000 0.00000000000 0.00000000000 0.00000000000 0.00000000000 0.00000000000 0.00000000000 0.00000000000 0.00000000000 0.00000000000 0.00000000000 0.00000000000 0.00000000000 0.00000000000 0.00000000000
# fish_disc_slope_tf:
0.0793066953639
# fish_disc_sel50_tf:
114.167078236
# srv1_q:
0.625613107797
# srv1_q_f:
0.577333297245
# srv1_sel95:
63.7931648411
# srv1_sel50:
36.5119281951
# srv2_q:
0.400749388555
# srv2_q_f:
0.844779062049
# srv2_sel95:
63.4683445682
# srv2_sel50:
44.3983311455
# srv3_q:
0.537860725600
# srv3_sel95:
66.4180421201
# srv3_sel50:
43.2367497983
# srv3_q_f:
0.999999971291
# srv3_sel95_f:
53.5071910250
# srv3_sel50_f:
40.9549822584
# srvind_q:
0.999995401549
# srvind_q_f:
0.188887265377
# srvind_sel95_f:
55.5162374988
# srvind_sel50_f:
50.4025620690
# srv10ind_q:
0.712304335808
# srv10ind_q_f:
0.999999875219
# srv10ind_sel95_f:
26.4042645794
# srv10ind_sel50_f:
24.1180932646
# selsmo10ind:
 19.9997103728 19.9981023804 19.9963819091 19.9943434875 19.9918211851 19.9886716188 19.9848409302 19.9803775208 19.9753374932 19.9697719991 19.9637436662 19.9573171850 19.9505163534 19.9434316997 19.9361122868 19.9285964842 19.9209102710 19.9130927543 19.9052176893 19.8973149626 19.8894005288 19.8814864243
# selsmo09ind:
 -9.36846987068 -8.27835427774 -7.18876839841 -6.10410682099 -5.03875229341 -4.02860456146 -3.13263634434 -2.43444972067 -1.98107573662 -1.69951177327 -1.51895021344 -1.34438995833 -1.13808726247 -0.979280442841 -0.984149139554 -1.12680806370 -1.27559270492 -1.32777283158 -1.24802551710 -1.06652507669 -0.842049434259 -0.604723957189
# Mmult_imat:
1.01066449380
# Mmult:
1.04718680862
# Mmultf:
1.11529552938
# m_dev_m:
 0.902337329544 0.671650212920 0.385537212231 0.0162181581295 -0.222601574605 -0.196345644528 0.0573593313206 0.445073531074 0.854137505077 1.14721296728 1.16720260215 0.979737038257 1.12106044397 1.35491848057 1.52114002028 0.940633665664 0.738847896244 0.661880391614 0.743820231866 0.895310191206 0.917865067504 0.789371280891 0.652226426680 0.604219401903 0.591992548319 0.585897933021 0.531330498006 0.391833004608 0.201537276551 -0.0464239906665 -0.436189039130 -0.970334539288 -1.56111635863 -2.10667615808 -2.53902770649 -2.82488715579 -2.96617126978 -3.00028860331 -3.00028860660
# m_dev_f:
 0.956692944672 1.39503029167 1.66274657978 1.55404881469 1.22296409374 0.849924784614 0.581923823604 0.529245645320 0.650117218423 0.856773300776 1.02546775632 1.06968044352 0.977444855876 0.825380250355 0.678090870544 0.621769280924 0.636418579559 0.686162105230 0.808044137594 0.964044981710 1.14462072195 1.36016173382 1.54036952855 1.56774576990 1.37035832998 0.990821011376 0.496685834419 -0.0808944167840 -0.700505271619 -1.31880031435 -1.89464533452 -2.37676417972 -2.72393384772 -2.92513095259 -3.00041106737 -3.00041216424 -3.00041204826 -3.00041199611 -3.00041209563
# cpueq:
0.000872858213493
# proprecn:
1.00000000000
