ParName   Value   Gradient
mateste(1)      -4.1767  2.54375e-05
mateste(2)      -3.7493 -0.000359469
mateste(3)      -3.3219  -0.00117767
mateste(4)     -2.89465  -0.00384367
mateste(5)     -2.47113  -0.00780458
mateste(6)     -2.07754   -0.0134971
mateste(7)      -1.7467   -0.0187187
mateste(8)     -1.49291   -0.0232076
mateste(9)     -1.33393    -0.027505
mateste(10)     -1.22381   -0.0272561
mateste(11)     -1.14666   -0.0272064
mateste(12)     -1.12759   -0.0288423
mateste(13)     -1.07383   -0.0298297
mateste(14)    -0.869004   -0.0294195
mateste(15)    -0.506602   -0.0243539
mateste(16)    -0.131999   -0.0121029
mateste(17) -1.59101e-09  -0.00637301
matestfe(1)     -3.60391   -4.832e-05
matestfe(2)     -2.78267  6.01047e-05
matestfe(3)     -1.96141  -3.7292e-05
matestfe(4)     -1.14529 -5.61071e-05
matestfe(5)    -0.406845  7.50345e-05
matestfe(6)   -0.0808955 -5.72854e-05
matestfe(7)   -0.0932647  2.72583e-05
matestfe(8)   -0.0406112  5.29157e-05
mean_log_rec_f      13.8587  1.12508e-05
mean_log_rec_m      13.9139    0.0583475
rec_devf(1982)     -1.09245 -9.41486e-05
rec_devf(1983)     -1.13621 -2.64411e-05
rec_devf(1984)    0.0675518   6.0639e-05
rec_devf(1985)      1.70881  7.64244e-05
rec_devf(1986)      1.20145  2.56562e-05
rec_devf(1987)     0.880446 -1.01974e-05
rec_devf(1988)    -0.178658  5.23276e-05
rec_devf(1989)     0.706138  -6.6027e-06
rec_devf(1990)     0.536701 -6.52128e-05
rec_devf(1991)     0.915145  1.91491e-05
rec_devf(1992)     0.960114 -3.88663e-05
rec_devf(1993)     0.885332  0.000137178
rec_devf(1994)    -0.430521 -2.06016e-05
rec_devf(1995)    -0.665607 -2.31089e-05
rec_devf(1996)    -0.848504  0.000129521
rec_devf(1997)    -0.579504 -6.65866e-05
rec_devf(1998)    0.0318152 -6.22804e-05
rec_devf(1999)    -0.713516 -7.95642e-05
rec_devf(2000)    -0.739536  9.03916e-05
rec_devf(2001)    -0.717847  1.04573e-05
rec_devf(2002)    0.0196764  5.23504e-05
rec_devf(2003)     0.752591 -7.38854e-05
rec_devf(2004)     0.109023 -0.000143053
rec_devf(2005)    -0.118817 -5.89817e-05
rec_devf(2006)    -0.745375 -8.61952e-05
rec_devf(2007)    -0.964766 -2.87252e-06
rec_devf(2008)      0.86395 -0.000128253
rec_devf(2009)     0.202301   1.2167e-05
rec_devf(2010)     -0.33524  4.42356e-05
rec_devf(2011)     0.195406  3.87219e-05
rec_devf(2012)       0.7399 -4.16659e-05
rec_devf(2013)    -0.331315 -3.35252e-05
rec_devf(2014)    -0.317909 -1.16665e-05
rec_devf(2015)    -0.290149  7.09038e-05
rec_devf(2016)    -0.257043  3.98312e-06
rec_devf(2017)    -0.200478  0.000125551
rec_devf(2018)    -0.110235  1.94645e-05
rec_devf(2019)  -0.00267523  1.24957e-05
rec_devf(2020)  7.91485e-07  2.88826e-05
rec_devm(1982)     0.347153      0.08177
rec_devm(1983)     0.550076     0.114633
rec_devm(1984)     0.748006     0.148179
rec_devm(1985)      1.93367     0.503674
rec_devm(1986)     0.671661    0.0679568
rec_devm(1987)      1.75482     0.121968
rec_devm(1988)     -1.12413   -0.0308793
rec_devm(1989)    0.0629536   -0.0289063
rec_devm(1990)     0.209762   -0.0321723
rec_devm(1991)       2.4182  -0.00731965
rec_devm(1992)    -0.150569    -0.029109
rec_devm(1993)     0.474378   -0.0226644
rec_devm(1994)    -0.913477   -0.0336532
rec_devm(1995)     -1.49786   -0.0346598
rec_devm(1996)     -1.15726   -0.0348958
rec_devm(1997)     0.616159   -0.0348687
rec_devm(1998)   -0.0367984   -0.0349352
rec_devm(1999)    -0.993602   -0.0348103
rec_devm(2000)    -0.980342   -0.0338104
rec_devm(2001)     0.024764   -0.0281612
rec_devm(2002)     0.641963   -0.0188282
rec_devm(2003)     0.504285   -0.0248916
rec_devm(2004)     0.410026   -0.0243172
rec_devm(2005)     -0.63395   -0.0324088
rec_devm(2006)     -1.66714   -0.0331963
rec_devm(2007)     -1.52426   -0.0337623
rec_devm(2008)     0.227029   -0.0321886
rec_devm(2009)     0.296298   -0.0347051
rec_devm(2010)   -0.0904833   -0.0351979
rec_devm(2011)   -0.0435874    -0.035238
rec_devm(2012)    0.0636913   -0.0351637
rec_devm(2013)    -0.310225    -0.035297
rec_devm(2014)    -0.363421   -0.0352586
rec_devm(2015)    -0.295732   -0.0352372
rec_devm(2016)    -0.131639   -0.0352237
rec_devm(2017)   -0.0320665   -0.0352843
rec_devm(2018)  -0.00689591   -0.0353038
rec_devm(2019)  -0.00145829   -0.0352322
rec_devm(2020) -5.29803e-07   -0.0352876
mnatlen_styr(1,1)      11.8196   0.00408309
mnatlen_styr(1,2)      11.8681   0.00302736
mnatlen_styr(1,3)      12.0494   0.00277759
mnatlen_styr(1,4)      12.3144   0.00348214
mnatlen_styr(1,5)      12.5082   0.00372394
mnatlen_styr(1,6)      12.4285   0.00281339
mnatlen_styr(1,7)      12.2609   0.00177155
mnatlen_styr(1,8)      12.1117   0.00132875
mnatlen_styr(1,9)      12.0343  0.000592887
mnatlen_styr(1,10)      11.8275 -0.000106577
mnatlen_styr(1,11)      11.5104  1.89308e-05
mnatlen_styr(1,12)      11.4369  0.000309318
mnatlen_styr(1,13)      11.3927 -0.000274467
mnatlen_styr(1,14)      10.5592 -0.000478876
mnatlen_styr(1,15)      9.28416 -0.000125456
mnatlen_styr(1,16)      8.24131 -0.000135766
mnatlen_styr(1,17)      7.44463 -3.15716e-07
mnatlen_styr(1,18)      6.85381 -7.10077e-06
mnatlen_styr(1,19)       6.4112 -6.66285e-05
mnatlen_styr(1,20)      6.07846  7.55209e-05
mnatlen_styr(1,21)      5.84778  4.46964e-05
mnatlen_styr(1,22)      5.72968 -1.40034e-05
mnatlen_styr(2,1)      1.80275  4.92803e-05
mnatlen_styr(2,2)      3.19399 -9.75065e-05
mnatlen_styr(2,3)      4.58523  5.53757e-05
mnatlen_styr(2,4)      5.97643 -2.80598e-05
mnatlen_styr(2,5)      7.36705 -3.64211e-05
mnatlen_styr(2,6)      8.74872  1.44822e-05
mnatlen_styr(2,7)      9.98938 -4.61095e-05
mnatlen_styr(2,8)      10.9772 -6.69338e-05
mnatlen_styr(2,9)       11.664 -6.00681e-05
mnatlen_styr(2,10)      12.0748 -7.31035e-07
mnatlen_styr(2,11)      12.2668  4.81309e-05
mnatlen_styr(2,12)      12.3043  2.04256e-05
mnatlen_styr(2,13)       12.245 -6.07422e-05
mnatlen_styr(2,14)      12.1005  0.000139289
mnatlen_styr(2,15)      11.8363  0.000893189
mnatlen_styr(2,16)      11.4094  0.000460238
mnatlen_styr(2,17)      10.7254 -8.67474e-05
mnatlen_styr(2,18)      9.83031 -0.000209299
mnatlen_styr(2,19)      8.80309  1.94728e-05
mnatlen_styr(2,20)      7.70686 -4.92813e-05
mnatlen_styr(2,21)      6.58312  2.74942e-05
mnatlen_styr(2,22)      5.45291 -3.29265e-05
fnatlen_styr(1,1)      10.5307 -3.14462e-06
fnatlen_styr(1,2)      10.6604  4.63438e-05
fnatlen_styr(1,3)      10.9958  2.50732e-05
fnatlen_styr(1,4)      11.5346 -1.71573e-05
fnatlen_styr(1,5)       12.731 -7.40141e-05
fnatlen_styr(1,6)      13.5432 -4.43363e-05
fnatlen_styr(1,7)      12.8692 -3.40775e-05
fnatlen_styr(1,8)      11.9052   1.9866e-05
fnatlen_styr(1,9)      10.8951  2.05587e-06
fnatlen_styr(1,10)      9.93769  2.11494e-05
fnatlen_styr(1,11)      9.36056 -1.24241e-05
fnatlen_styr(1,12)      9.10259 -8.22781e-05
fnatlen_styr(2,1)      10.4131  8.51433e-06
fnatlen_styr(2,2)      10.4923 -2.14815e-05
fnatlen_styr(2,3)      10.7425  6.54117e-05
fnatlen_styr(2,4)      11.3459  3.77047e-05
fnatlen_styr(2,5)      12.4555 -0.000104722
fnatlen_styr(2,6)      13.1277  6.23499e-05
fnatlen_styr(2,7)      12.6993 -2.85985e-05
fnatlen_styr(2,8)      11.8218  3.51337e-05
fnatlen_styr(2,9)      10.9838 -7.15949e-05
fnatlen_styr(2,10)      10.0433 -5.53014e-05
fnatlen_styr(2,11)      9.44038  1.39865e-06
fnatlen_styr(2,12)      9.16455 -1.93379e-05
log_avg_fmort    -0.194658   0.00900546
fmort_dev(1982)    -0.728148  -0.00207278
fmort_dev(1983)     -1.34399  -0.00261357
fmort_dev(1984)    -0.687442  -0.00707654
fmort_dev(1985)    -0.184599  -0.00955911
fmort_dev(1986)      0.18616   -0.0051182
fmort_dev(1987)     0.862024   -0.0190241
fmort_dev(1988)     0.957792    0.0192175
fmort_dev(1989)     0.657204  -0.00362866
fmort_dev(1990)      1.30856    0.0200191
fmort_dev(1991)      1.54597    0.0260508
fmort_dev(1992)      1.27146    0.0129818
fmort_dev(1993)     0.623459   0.00147775
fmort_dev(1994)     0.323977   0.00226194
fmort_dev(1995)    0.0498209   0.00082709
fmort_dev(1996)   -0.0740914  -0.00457056
fmort_dev(1997)      0.20382   -0.0127821
fmort_dev(1998)     0.343785    0.0107204
fmort_dev(1999)     -1.06893  -0.00107969
fmort_dev(2000)    -0.993638  -0.00110957
fmort_dev(2001)    -0.240254  -0.00127105
fmort_dev(2002)    -0.549146  -0.00174716
fmort_dev(2003)     -1.13416   -0.0019323
fmort_dev(2004)     -1.11227  -0.00189417
fmort_dev(2005)    -0.436635  -0.00208825
fmort_dev(2006)    -0.419432  -0.00250897
fmort_dev(2007)    -0.188324  0.000376011
fmort_dev(2008)    -0.606984   0.00141888
fmort_dev(2009)      -1.0177  -0.00114981
fmort_dev(2010)    -0.892005  -0.00235785
fmort_dev(2011)   -0.0384028  -0.00026864
fmort_dev(2012)     0.155822  3.59525e-05
fmort_dev(2013)    -0.146818 -0.000215678
fmort_dev(2014)     0.475305  -0.00176865
fmort_dev(2015)     0.572722  -0.00172583
fmort_dev(2016)      0.53215  -0.00168882
fmort_dev(2017)     0.361643  -0.00171611
fmort_dev(2018)     0.507067  -0.00180002
fmort_dev(2019)     0.924234  -0.00189378
log_avg_fmortdf     -6.69484   1.6591e-05
fmortdf_dev(1982)   -0.0953141 -5.12614e-05
fmortdf_dev(1983)   -0.0793173  1.20918e-05
fmortdf_dev(1984)   -0.0670793 -4.33506e-05
fmortdf_dev(1985)   -0.0711445 -2.63937e-05
fmortdf_dev(1986)   -0.0526143 -7.80663e-05
fmortdf_dev(1987)    0.0110058 -4.88883e-06
fmortdf_dev(1988)   -0.0521267  1.42081e-05
fmortdf_dev(1989)   -0.0192583 -7.92372e-05
fmortdf_dev(1990)    0.0491448  8.39496e-06
fmortdf_dev(1991)     0.165307 -1.79642e-05
fmortdf_dev(1992)     0.998748  6.05747e-05
fmortdf_dev(1993)     0.387343  4.81114e-05
fmortdf_dev(1994)     0.176419 -5.98248e-05
fmortdf_dev(1995)    -0.129388  0.000103894
fmortdf_dev(1996)     0.291735 -3.86265e-05
fmortdf_dev(1997)    -0.138614 -8.34181e-06
fmortdf_dev(1998)     -0.10077 -1.92783e-05
fmortdf_dev(1999)    -0.106487 -2.26523e-05
fmortdf_dev(2000)    -0.101993  4.98626e-05
fmortdf_dev(2001)   -0.0951873 -5.47604e-05
fmortdf_dev(2002)   -0.0799216 -3.75932e-05
fmortdf_dev(2003)   -0.0812219 -5.36413e-05
fmortdf_dev(2004)   -0.0803865  5.64761e-07
fmortdf_dev(2005)   -0.0841105 -5.03867e-05
fmortdf_dev(2006)   -0.0943125  6.02607e-05
fmortdf_dev(2007)   -0.0746294 -3.54466e-05
fmortdf_dev(2008)   -0.0820723 -0.000160222
fmortdf_dev(2009)    -0.087079  5.24464e-05
fmortdf_dev(2010)     -0.14198  3.28793e-05
fmortdf_dev(2011)      1.46096 -1.54652e-05
fmortdf_dev(2012)    -0.158904  8.34174e-05
fmortdf_dev(2013)    0.0912177  3.10558e-05
fmortdf_dev(2014)     0.847776 -2.83105e-05
fmortdf_dev(2015)   -0.0792921 -7.97289e-06
fmortdf_dev(2016)    -0.520227 -0.000148288
fmortdf_dev(2017)    -0.564151 -4.87058e-06
fmortdf_dev(2018)    -0.593006  4.77443e-05
fmortdf_dev(2019)    -0.649072  1.08537e-06
log_avg_fmortt     -5.05012  -0.00115611
fmortt_dev_era1(1982)      0.24534  0.000263334
fmortt_dev_era1(1983)     0.240363  0.000231999
fmortt_dev_era1(1984)     0.170541  0.000182738
fmortt_dev_era1(1985)     0.106337  0.000104208
fmortt_dev_era1(1986)    -0.325099  0.000192514
fmortt_dev_era1(1987)    -0.323056  1.23218e-05
fmortt_dev_era1(1988)    -0.420129 -5.64017e-05
fmortt_dev_era1(1989)    -0.490905 -9.08796e-05
fmortt_dev_era1(1990)  -0.00300158 -0.000339383
fmortt_dev_era1(1991)     0.799609 -0.000614249
fmortt_dev_era2(1992)      1.43868 -0.000767258
fmortt_dev_era2(1993)      1.20895 -0.000204059
fmortt_dev_era2(1994)      2.02379 -0.000210451
fmortt_dev_era2(1995)     0.731026  0.000159755
fmortt_dev_era2(1996)   -0.0202796  0.000123034
fmortt_dev_era2(1997)   -0.0692608 -4.92167e-05
fmortt_dev_era2(1998)    -0.118436 -4.43921e-05
fmortt_dev_era2(1999)     0.149211  0.000116333
fmortt_dev_era2(2000)      0.16163  7.05873e-05
fmortt_dev_era2(2001)    0.0126952 -4.96267e-06
fmortt_dev_era2(2002)    -0.232834  3.40329e-05
fmortt_dev_era2(2003)     0.204779 -4.11187e-06
fmortt_dev_era2(2004)     0.570475  0.000105051
fmortt_dev_era2(2005)    -0.198113  5.05804e-05
fmortt_dev_era2(2006)     0.134898  5.03393e-05
fmortt_dev_era2(2007)    -0.368772  0.000143825
fmortt_dev_era2(2008)    -0.464647  4.60458e-05
fmortt_dev_era2(2009)   -0.0751573 -0.000115766
fmortt_dev_era2(2010)    -0.554081   0.00013855
fmortt_dev_era2(2011)     -0.44123 -3.06212e-05
fmortt_dev_era2(2012)    -0.222341  6.16723e-05
fmortt_dev_era2(2013)    -0.425623  9.13974e-05
fmortt_dev_era2(2014)    -0.561512  8.31718e-05
fmortt_dev_era2(2015)    -0.601529 -3.34664e-05
fmortt_dev_era2(2016)    -0.676022 -5.11985e-05
fmortt_dev_era2(2017)    -0.699773 -4.71361e-05
fmortt_dev_era2(2018)    -0.472516 -9.26759e-05
fmortt_dev_era2(2019)    -0.433997  6.12158e-05
Fem_F_prop_constant          0.5            0
log_avg_sel50_mn      4.66658   -0.0575984
fish_slope_mn      0.19886   0.00434014
fish_fit_slope_mn     0.437527    0.0013661
fish_fit_sel50_mn      95.8728   -0.0366261
fish_disc_slope_f     0.277673 -8.18495e-05
fish_disc_sel50_f      4.20455 -3.05227e-05
fish_disc_slope_tf    0.0793067  0.000485501
fish_disc_sel50_tf      114.167  0.000337089
srv2_q     0.400749 -1.76171e-05
srv2_q_f     0.844779 -1.10538e-05
srv2_sel95      63.4683 -5.48949e-05
srv2_sel50      44.3983 -1.24779e-05
srv3_q     0.537861  5.10976e-05
srv3_sel95       66.418  4.63366e-05
srv3_sel50      43.2367 -4.40872e-05
srv3_sel95_f      53.5072  6.39859e-05
srv3_sel50_f       40.955  -2.8952e-05
srvind_q     0.999995 -3.39585e-08
srvind_q_f     0.188887  1.09141e-05
srvind_sel95_f      55.5162  -4.8254e-06
srvind_sel50_f      50.4026  7.98547e-05
srv10ind_q     0.712304 -2.08456e-05
srv10ind_q_f            1   0.00058038
selsmo10ind(1)      19.9997  0.000175575
selsmo10ind(2)      19.9981  0.000396727
selsmo10ind(3)      19.9964   0.00024041
selsmo10ind(4)      19.9943  0.000171759
selsmo10ind(5)      19.9918 -0.000806987
selsmo10ind(6)      19.9887   0.00108345
selsmo10ind(7)      19.9848 -9.61843e-05
selsmo10ind(8)      19.9804 -6.71124e-05
selsmo10ind(9)      19.9753 -0.000180571
selsmo10ind(10)      19.9698 -3.70397e-05
selsmo10ind(11)      19.9637 -0.000771891
selsmo10ind(12)      19.9573   0.00137009
selsmo10ind(13)      19.9505 -0.000914668
selsmo10ind(14)      19.9434  0.000251454
selsmo10ind(15)      19.9361  0.000309895
selsmo10ind(16)      19.9286 -0.000349123
selsmo10ind(17)      19.9209 -0.000967962
selsmo10ind(18)      19.9131  -0.00128255
selsmo10ind(19)      19.9052 -0.000424803
selsmo10ind(20)      19.8973 -0.000123801
selsmo10ind(21)      19.8894  0.000407238
selsmo10ind(22)      19.8815 -1.19632e-05
selsmo09ind(1)     -9.36847 -1.93221e-05
selsmo09ind(2)     -8.27835 -5.32839e-06
selsmo09ind(3)     -7.18877  0.000114049
selsmo09ind(4)     -6.10411 -4.74792e-05
selsmo09ind(5)     -5.03875 -8.11351e-05
selsmo09ind(6)      -4.0286  4.70875e-05
selsmo09ind(7)     -3.13264  4.42692e-06
selsmo09ind(8)     -2.43445  0.000100837
selsmo09ind(9)     -1.98108  5.05317e-05
selsmo09ind(10)     -1.69951   -2.302e-05
selsmo09ind(11)     -1.51895 -6.53299e-05
selsmo09ind(12)     -1.34439 -2.86822e-05
selsmo09ind(13)     -1.13809 -8.66352e-06
selsmo09ind(14)     -0.97928 -3.73063e-05
selsmo09ind(15)    -0.984149  3.82938e-05
selsmo09ind(16)     -1.12681  -6.5957e-05
selsmo09ind(17)     -1.27559 -5.87156e-05
selsmo09ind(18)     -1.32777 -1.08424e-05
selsmo09ind(19)     -1.24803 -5.44314e-05
selsmo09ind(20)     -1.06653  -0.00012057
selsmo09ind(21)    -0.842049  2.46239e-05
selsmo09ind(22)    -0.604724  1.31592e-06
Mmult_imat      1.01066    -0.103487
Mmult      1.04719   -0.0417874
Mmultf       1.1153  0.000138824
m_dev_m(1982)     0.902337    0.0031493
m_dev_m(1983)      0.67165    0.0032302
m_dev_m(1984)     0.385537   0.00261584
m_dev_m(1985)    0.0162182   0.00150822
m_dev_m(1986)    -0.222602   0.00126061
m_dev_m(1987)    -0.196346 -0.000207896
m_dev_m(1988)    0.0573593  -0.00568873
m_dev_m(1989)     0.445074  -0.00868761
m_dev_m(1990)     0.854138   -0.0325027
m_dev_m(1991)      1.14721   -0.0341518
m_dev_m(1992)       1.1672   -0.0102645
m_dev_m(1993)     0.979737  0.000315286
m_dev_m(1994)      1.12106   0.00152643
m_dev_m(1995)      1.35492   0.00254791
m_dev_m(1996)      1.52114   0.00407372
m_dev_m(1997)     0.940634   0.00180027
m_dev_m(1998)     0.738848  -0.00101297
m_dev_m(1999)      0.66188   0.00312766
m_dev_m(2000)      0.74382   0.00320072
m_dev_m(2001)      0.89531   0.00359897
m_dev_m(2002)     0.917865   0.00360713
m_dev_m(2003)     0.789371   0.00352394
m_dev_m(2004)     0.652226   0.00367278
m_dev_m(2005)     0.604219   0.00344076
m_dev_m(2006)     0.591993    0.0031135
m_dev_m(2007)     0.585898   0.00233949
m_dev_m(2008)      0.53133   0.00238112
m_dev_m(2009)     0.391833    0.0028073
m_dev_m(2010)     0.201537   0.00252704
m_dev_m(2011)    -0.046424   0.00258489
m_dev_m(2012)    -0.436189   0.00336742
m_dev_m(2013)    -0.970335   0.00339649
m_dev_m(2014)     -1.56112   0.00322808
m_dev_m(2015)     -2.10668   0.00272078
m_dev_m(2016)     -2.53903   0.00200477
m_dev_m(2017)     -2.82489    0.0014082
m_dev_m(2018)     -2.96617 -0.000867918
m_dev_m(2019)     -3.00029  -0.00159845
m_dev_m(2020)     -3.00029   0.00127579
m_dev_f(1982)     0.956693 -6.88573e-05
m_dev_f(1983)      1.39503  2.12558e-05
m_dev_f(1984)      1.66275 -1.76538e-05
m_dev_f(1985)      1.55405   2.2277e-05
m_dev_f(1986)      1.22296 -3.16664e-05
m_dev_f(1987)     0.849925 -7.30319e-06
m_dev_f(1988)     0.581924 -9.90965e-05
m_dev_f(1989)     0.529246 -1.57262e-05
m_dev_f(1990)     0.650117  1.02142e-05
m_dev_f(1991)     0.856773 -2.60556e-05
m_dev_f(1992)      1.02547  1.94617e-05
m_dev_f(1993)      1.06968  3.26177e-06
m_dev_f(1994)     0.977445 -4.10499e-05
m_dev_f(1995)      0.82538 -3.08831e-05
m_dev_f(1996)     0.678091  0.000111591
m_dev_f(1997)     0.621769 -3.57427e-05
m_dev_f(1998)     0.636419 -1.20876e-05
m_dev_f(1999)     0.686162  2.18405e-06
m_dev_f(2000)     0.808044  8.28462e-05
m_dev_f(2001)     0.964045 -3.99598e-05
m_dev_f(2002)      1.14462  4.86972e-05
m_dev_f(2003)      1.36016 -4.68518e-05
m_dev_f(2004)      1.54037   1.0218e-05
m_dev_f(2005)      1.56775  3.03007e-05
m_dev_f(2006)      1.37036 -3.20761e-05
m_dev_f(2007)     0.990821  8.01445e-06
m_dev_f(2008)     0.496686 -1.40017e-05
m_dev_f(2009)   -0.0808944 -8.14841e-05
m_dev_f(2010)    -0.700505  2.91159e-05
m_dev_f(2011)      -1.3188  3.16715e-06
m_dev_f(2012)     -1.89465 -1.15715e-05
m_dev_f(2013)     -2.37676   2.9662e-05
m_dev_f(2014)     -2.72393  -5.1705e-05
m_dev_f(2015)     -2.92513  6.90346e-05
m_dev_f(2016)     -3.00041 -0.000352254
m_dev_f(2017)     -3.00041   0.00699272
m_dev_f(2018)     -3.00041 -0.000174552
m_dev_f(2019)     -3.00041  0.000462513
m_dev_f(2020)     -3.00041  0.000997709
cpueq  0.000872858  6.32605e-06
