# Number of parameters = 505 Objective function value = -1439.48830304490  Maximum gradient component = 3.97779335050488
# af:
-1.15390000000
# am:
2.04920000000
# bf:
1.33890000000
# bm:
1.22580000000
# bf1:
1.15108525751
# deltaf:
120.000000000
# st_gr:
0.500000000000
# growth_beta:
 0.750000000000 0.750000000000
# matest50f:
45.0000000000
# matestslpf:
0.275000000000
# matest50m:
85.0000000000
# matestslpm:
0.260000000000
# mateste:
 -4.02718434182 -3.59951388468 -3.17184430584 -2.74446914004 -2.32172149244 -1.92894334202 -1.59784307744 -1.34078332859 -1.17078231083 -1.04570338372 -0.957552749897 -0.937411277194 -0.894125577240 -0.725393164978 -0.423092615302 -0.112477063589 -4.50101556027e-09
# matestfe:
 -3.61656296214 -2.79300523121 -1.96942308376 -1.15071554328 -0.408373341485 -0.0799987501957 -0.0921035982430 -0.0395640969821
# moltp_af:
2.00000000000
# moltp_bf:
150.000000000
# moltp_am:
1.52000000000
# moltp_bm:
215.000000000
# moltp_ammat:
0.0500000000000
# moltp_bmmat:
105.000000000
# mean_log_rec_f:
14.5203625329
# mean_log_rec_m:
14.4053139721
# rec_devf:
 -1.07866990332 -1.13513907560 0.0542964605830 1.65863099662 0.843443998058 0.0651411698900 -0.583519512230 0.256344968973 0.377854543600 1.04387904667 1.37130174493 1.49988238676 0.0112868317677 -0.333229071112 -0.365535483989 -0.0575187569981 0.130631015296 -0.477772130658 -0.543364465603 -1.00254871001 -0.438988348979 0.558391352994 0.366269731294 -0.366761487557 -1.00855700484 -1.18982586464 0.724430017886 0.177081775707 -0.144082228090 0.327798753463 0.727268671295 -0.323732528531 -0.310568370885 -0.282641101436 -0.249397186760 -0.193611591439 -0.105869570929 -0.00258916362455 -1.19085654495e-05
# rec_devm:
 -0.122053414807 0.114511074121 0.323378171131 1.35999860958 -0.211564632216 1.71305759936 -0.642580417018 0.0531343031368 0.935491532845 2.86146387400 -0.0175284254089 1.48573968505 -0.393178246924 -1.03242420614 -0.777311106497 0.870258282183 0.131182858886 -0.892883169616 -0.978304936060 0.0647946180158 0.574541828154 0.404368608883 0.179912354746 -0.912001064425 -1.85888280858 -1.68968141821 0.0622656540449 0.0960533411092 -0.147760527045 -0.151156739027 -0.0404947665141 -0.395794309549 -0.426981009702 -0.343121497367 -0.153477506344 -0.0349634586584 -0.00674768310997 -0.00125614194971 -4.91006036759e-06
# alpha1_rec:
11.5000000000
# beta_rec:
4.00000000000
# mnatlen_styr:
 11.7829915246 11.8380916164 12.0482045031 12.3721835142 12.6390617136 12.6040947330 12.4782630392 12.3464013238 12.2347315414 12.0374313303 11.7472580880 11.6223352912 11.4909448209 10.6567799585 9.38450529299 8.32809659345 7.52308401445 6.92947289811 6.48569422178 6.15066089303 5.91700779171 5.79706989968
 1.74941463140 3.14927127423 4.54912382703 5.94893860476 7.34821252063 8.73903239861 9.99419194903 11.0046946689 11.7209149604 12.1634274294 12.3867062112 12.4540716635 12.4211677241 12.2930307536 12.0223590041 11.5583620464 10.8314910881 9.90613279222 8.86027108439 7.75149437581 6.61756319946 5.47772952469
# fnatlen_styr:
 11.1599393714 11.2890203057 11.6204748371 12.1649380048 13.3806806403 14.2040918157 13.5464440174 12.5913877492 11.5845491075 10.6279532101 10.0513960704 9.79386892477
 11.0252162370 11.1043943556 11.3558957173 11.9639695835 13.0826382707 13.7741184629 13.3649882739 12.5016587479 11.6703180060 10.7320141902 10.1301881437 9.85508651166
# log_avg_fmort:
-0.734393094587
# fmort_dev:
 -0.224075329172 -0.891767943541 -0.267176104276 0.221217050647 0.585265800482 1.29352572556 1.49307663027 1.23913225735 1.94313093231 2.10794868946 1.47253559420 0.699373428473 0.334282531286 0.0274527878067 0.0322215429080 0.195766337979 0.268882343495 -1.10706631903 -0.689225901319 0.440606959797 -0.0108299163474 -0.676934880695 -0.590368205376 0.184438398850 0.173072527790 0.371016784210 -0.0111971568738 -0.390134691718 -0.271956286646 0.533080998521 0.616462601753 0.211241599608 -4.24815737271 1.54485338727 -4.72178513446 1.41993671616 -4.98234214606 1.67449576203
# log_avg_fmortdf:
-7.36145198711
# fmortdf_dev:
 -0.0932795246295 -0.0747065542673 -0.0632722468927 -0.0670852480262 -0.0518213315780 0.0177782190723 0.0112752104527 0.0845998351440 0.121399829677 0.182796961307 1.00375584888 0.403948590035 0.0926854506145 -0.347579403673 0.0964283582820 -0.303149068633 -0.174506635524 -0.131138708550 -0.101293549456 -0.0856828910642 -0.0719230300873 -0.0734553561111 -0.0728293389428 -0.0743065449819 -0.0832024070582 -0.0658005092647 -0.0718271699020 -0.0751196521259 -0.114547114229 1.58880569793 -0.122099451276 0.122885261295 0.887988583419 -0.0547712606978 -0.498391778494 -0.542591014930 -0.571759884309 -0.628208171400
# log_avg_fmortt:
-5.18488897092
# fmortt_dev_era1:
 0.217042066963 0.226855005277 0.150877840930 0.0685119279947 -0.412381901814 -0.381942258885 -0.433602144295 -0.456789234604 0.120860765572 0.900567932861
# fmortt_dev_era2:
 1.40054042519 1.03385067235 1.72234177827 0.436745486309 -0.190910779542 -0.290208394815 -0.325273487098 -0.00503464143129 0.221351269052 0.121975736022 -0.119725302271 0.314140896380 0.709187635863 -0.0647899042530 0.268526763172 -0.227064630210 -0.299134927756 0.121925629583 -0.383226838279 -0.301698536587 -0.115451024149 -0.343239332086 -0.503722126838 -0.732267432886 -0.613681303645 -0.826250601130 -0.425647899671 -0.583259129549
# discard_mult:
1.00000000000
# Fem_F_prop_constant:
0.500000050000
# log_avg_sel50_mn:
4.66617816600
# log_sel50_dev_mn:
 0.00000000000 0.00000000000 0.00000000000 0.00000000000 0.00000000000 0.00000000000 0.00000000000 0.00000000000 0.00000000000 0.00000000000 0.00000000000 0.00000000000 0.00000000000 0.00000000000 0.00000000000 0.00000000000 0.00000000000 0.00000000000 0.00000000000 0.00000000000 0.00000000000 0.00000000000 0.00000000000 0.00000000000 0.00000000000 0.00000000000 0.00000000000 0.00000000000 0.00000000000 0.00000000000 0.00000000000 0.00000000000 0.00000000000 0.00000000000 0.00000000000 0.00000000000 0.00000000000 0.00000000000 0.00000000000
# log_avg_sel50_mo:
4.50000000000
# log_sel50_dev_mo:
 0.00000000000 0.00000000000 0.00000000000 0.00000000000 0.00000000000 0.00000000000 0.00000000000 0.00000000000 0.00000000000 0.00000000000 0.00000000000 0.00000000000 0.00000000000 0.00000000000 0.00000000000 0.00000000000 0.00000000000 0.00000000000 0.00000000000 0.00000000000 0.00000000000 0.00000000000 0.00000000000 0.00000000000 0.00000000000 0.00000000000 0.00000000000 0.00000000000 0.00000000000 0.00000000000 0.00000000000 0.00000000000 0.00000000000 0.00000000000 0.00000000000 0.00000000000 0.00000000000 0.00000000000 0.00000000000
# fish_slope_mn:
0.213287278847
# fish_slope_mo:
0.450000000000
# fish_fit_slope_mn:
0.423006037357
# fish_fit_sel50_mn:
96.0716279142
# fish_fit_slope_mo:
0.275000000000
# fish_fit_sel50_mo:
100.000000000
# fish_slope_mo2:
1.95000000000
# fish_sel50_mo2:
159.500000000
# fish_slope_mn2:
1.00500000000
# fish_sel50_mn2:
130.000000000
# fish_disc_slope_f:
0.279413784454
# fish_disc_sel50_f:
4.20584635909
# log_dev_50f:
 0.00000000000 0.00000000000 0.00000000000 0.00000000000 0.00000000000 0.00000000000 0.00000000000 0.00000000000 0.00000000000 0.00000000000 0.00000000000 0.00000000000 0.00000000000 0.00000000000 0.00000000000 0.00000000000 0.00000000000 0.00000000000 0.00000000000 0.00000000000 0.00000000000 0.00000000000 0.00000000000 0.00000000000 0.00000000000
# fish_disc_slope_tf:
0.0875506179543
# fish_disc_sel50_tf:
114.481316874
# srv1_q:
0.625613107797
# srv1_q_f:
0.577333297245
# srv1_sel95:
63.7931648411
# srv1_sel50:
36.5119281951
# srv2_q:
0.349590585836
# srv2_q_f:
0.426889881106
# srv2_sel95:
62.1779446570
# srv2_sel50:
43.5094823318
# srv3_q:
 0.512588128994 0.466689856791 0.475443843770 0.449236161729 0.304680357733 0.244800082840 0.200016600708 0.200000100321 0.217920688955 0.287084090586 0.262875623668 0.203925779921 0.334282370294 0.503532433858 0.401501979339 0.339744382747 0.396444039006 0.512692668240 0.470611088384 0.449230611807 0.437662680849 0.486104489231 0.591740334205 0.653908546544 0.508131993577 0.321795409779 0.229826394185 0.200000966259 0.200001170541 0.200400869871 0.200586433150 0.200591965549 0.200510085672
# srv3_sel95:
72.4499530395
# srv3_sel50:
46.4572080592
# srv3_q_f:
 0.534643316459 0.999997325108 0.972258849015 0.999999425461 0.717492496535 0.459212899482 0.309896582645 0.281380213129 0.200000193938 0.262982432340 0.300537402466 0.200000014379 0.659578394671 0.611511017937 0.439064464336 0.696590806421 0.953750701121 0.711604425516 0.479073116956 0.546287225426 0.596916470027 0.752121632981 0.569123908302 0.759807901687 0.569306879604 0.376634163549 0.229325490275 0.229299801250 0.411824056393 0.444089306348 0.558479837466 0.761088071347 0.605503753019
# srv3_sel95_f:
53.1995844760
# srv3_sel50_f:
41.0146830401
# srvind_q:
0.999995316234
# srvind_q_f:
0.138739176867
# srvind_sel95_f:
55.5509763385
# srvind_sel50_f:
50.4494876830
# srv10ind_q:
0.710637781168
# srv10ind_q_f:
0.928115086826
# srv10ind_sel95_f:
26.4042645794
# srv10ind_sel50_f:
24.1180932646
# selsmo10ind:
 19.9352785955 19.9029147311 19.8705766657 19.8381846306 19.8056126637 19.7727882797 19.7397030092 19.7063440434 19.6726974554 19.6388073084 19.6047035704 19.5704991763 19.5362358816 19.5019568135 19.4678726900 19.4338387571 19.3999230890 19.3661529413 19.3325363026 19.2990835223 19.2656062121 19.2319778041
# selsmo09ind:
 -9.58982708318 -8.46402202625 -7.33876019607 -6.21862917829 -5.11888123003 -4.07786765874 -3.15934351901 -2.45384717240 -2.00937559037 -1.74613472723 -1.58317025264 -1.41664672859 -1.20300372214 -1.02084046062 -0.993317981121 -1.10607097689 -1.23589168883 -1.27721253921 -1.18923928089 -0.999708641085 -0.767039501292 -0.521586085513
# Mmult_imat:
1.02570426590
# Mmult:
1.05493710744
# Mmultf:
1.10852380571
# m_dev_m:
 1.02508003546 0.702528217477 0.315704760445 -0.165091453054 -0.534180724460 -0.656265161521 -0.535366036888 -0.222704784639 0.191120687090 0.588560030667 0.841347432205 0.916599114894 1.24932131151 1.66154649663 1.90965656705 1.38404100122 1.31443027766 1.38312211723 1.52386604922 1.59484677066 1.49518825984 1.29925617667 1.12076564031 1.01654247356 0.961703014968 0.955462435522 0.908578536308 0.662970588825 0.201076267653 -0.400210094975 -1.07294023228 -1.73029598059 -2.29024312715 -2.69295261656 -2.92113274440 -3.00048705097 -3.00048807838 -3.00048733218 -3.00046884503
# m_dev_f:
 0.936289012330 1.41509158272 1.74300180465 1.71878604523 1.47180188570 1.14745809459 0.855902601331 0.654842930771 0.521749609980 0.438020560360 0.379915804407 0.338025875061 0.320388279976 0.358769957176 0.477594053815 0.665696863556 0.865727528272 1.04104273499 1.19923283259 1.34393411875 1.48813061657 1.61230566997 1.68446838242 1.64914388115 1.46286242140 1.10096763065 0.584418930228 -0.0596959902023 -0.754068989526 -1.42592319770 -2.01612747480 -2.47834879548 -2.78837353575 -2.95092493762 -3.00042064225 -3.00042190946 -3.00042185816 -3.00042109558 -3.00042128209
# cpueq:
0.000710296084633
# proprecn:
1.00000000000
