ParName   Value   Gradient
mateste(1)     -4.02718 -0.000461096
mateste(2)     -3.59951 -0.000970745
mateste(3)     -3.17184   -0.0101328
mateste(4)     -2.74447   -0.0382408
mateste(5)     -2.32172   -0.0800493
mateste(6)     -1.92894    -0.136571
mateste(7)     -1.59784    -0.186831
mateste(8)     -1.34078    -0.230741
mateste(9)     -1.17078     -0.27681
mateste(10)      -1.0457    -0.279523
mateste(11)    -0.957553    -0.264875
mateste(12)    -0.937411    -0.278547
mateste(13)    -0.894126    -0.296531
mateste(14)    -0.725393    -0.302925
mateste(15)    -0.423093    -0.264194
mateste(16)    -0.112477    -0.165131
mateste(17) -4.50102e-09    0.0340947
matestfe(1)     -3.61656   0.00158176
matestfe(2)     -2.79301  -0.00118312
matestfe(3)     -1.96942  0.000164382
matestfe(4)     -1.15072   0.00181924
matestfe(5)    -0.408373  -0.00216921
matestfe(6)   -0.0799988  -0.00256327
matestfe(7)   -0.0921036  -0.00171239
matestfe(8)   -0.0395641  -0.00126087
mean_log_rec_f      14.5204  -0.00115363
mean_log_rec_m      14.4053     0.525076
rec_devf(1982)     -1.07867  2.76865e-05
rec_devf(1983)     -1.13514 -0.000556462
rec_devf(1984)    0.0542965 -0.000842684
rec_devf(1985)      1.65863   0.00184236
rec_devf(1986)     0.843444  -0.00382085
rec_devf(1987)    0.0651412   -0.0011213
rec_devf(1988)     -0.58352  -0.00405336
rec_devf(1989)     0.256345  -0.00203029
rec_devf(1990)     0.377855  0.000635467
rec_devf(1991)      1.04388  0.000849078
rec_devf(1992)       1.3713  2.67365e-07
rec_devf(1993)      1.49988  -0.00229889
rec_devf(1994)    0.0112868  0.000637195
rec_devf(1995)    -0.333229 -3.07904e-05
rec_devf(1996)    -0.365535   0.00235417
rec_devf(1997)   -0.0575188   0.00149284
rec_devf(1998)     0.130631   -0.0019772
rec_devf(1999)    -0.477772  9.04085e-05
rec_devf(2000)    -0.543364   0.00279347
rec_devf(2001)     -1.00255   0.00408829
rec_devf(2002)    -0.438988   0.00711989
rec_devf(2003)     0.558391  9.23571e-07
rec_devf(2004)      0.36627  -0.00311641
rec_devf(2005)    -0.366761  -0.00172363
rec_devf(2006)     -1.00856  0.000120331
rec_devf(2007)     -1.18983  0.000185657
rec_devf(2008)      0.72443    -0.010699
rec_devf(2009)     0.177082  -0.00288417
rec_devf(2010)    -0.144082    0.0016734
rec_devf(2011)     0.327799   0.00223731
rec_devf(2012)     0.727269   0.00469545
rec_devf(2013)    -0.323733  0.000126957
rec_devf(2014)    -0.310568 -0.000747142
rec_devf(2015)    -0.282641  -0.00118594
rec_devf(2016)    -0.249397   0.00090686
rec_devf(2017)    -0.193612  0.000705149
rec_devf(2018)     -0.10587  0.000136731
rec_devf(2019)  -0.00258916  -0.00025851
rec_devf(2020) -1.19086e-05  1.75671e-05
rec_devm(1982)    -0.122053     0.653883
rec_devm(1983)     0.114511      1.60346
rec_devm(1984)     0.323378      1.65578
rec_devm(1985)         1.36      1.27335
rec_devm(1986)    -0.211565    -0.831582
rec_devm(1987)      1.71306     -2.02109
rec_devm(1988)     -0.64258    -0.298408
rec_devm(1989)    0.0531343    -0.159519
rec_devm(1990)     0.935492     0.209127
rec_devm(1991)      2.86146      3.97779
rec_devm(1992)   -0.0175284   -0.0929142
rec_devm(1993)      1.48574     0.267306
rec_devm(1994)    -0.393178     -0.21842
rec_devm(1995)     -1.03242    -0.221192
rec_devm(1996)    -0.777311    -0.202569
rec_devm(1997)     0.870258    0.0595605
rec_devm(1998)     0.131183   -0.0316256
rec_devm(1999)    -0.892883    -0.122538
rec_devm(2000)    -0.978305   -0.0659105
rec_devm(2001)    0.0647946     0.439342
rec_devm(2002)     0.574542     0.477172
rec_devm(2003)     0.404369    -0.322424
rec_devm(2004)     0.179912    -0.786085
rec_devm(2005)    -0.912001    -0.528989
rec_devm(2006)     -1.85888    -0.364005
rec_devm(2007)     -1.68968    -0.328022
rec_devm(2008)    0.0622657    -0.298304
rec_devm(2009)    0.0960533    -0.309872
rec_devm(2010)    -0.147761    -0.316697
rec_devm(2011)    -0.151157    -0.317991
rec_devm(2012)   -0.0404948     -0.31482
rec_devm(2013)    -0.395794    -0.312987
rec_devm(2014)    -0.426981    -0.312968
rec_devm(2015)    -0.343121    -0.315219
rec_devm(2016)    -0.153478    -0.317739
rec_devm(2017)   -0.0349635    -0.317914
rec_devm(2018)  -0.00674768    -0.318126
rec_devm(2019)  -0.00125614    -0.317689
rec_devm(2020) -4.91006e-06    -0.317598
mnatlen_styr(1,1)       11.783    0.0353003
mnatlen_styr(1,2)      11.8381    0.0115215
mnatlen_styr(1,3)      12.0482  -0.00719915
mnatlen_styr(1,4)      12.3722   -0.0178048
mnatlen_styr(1,5)      12.6391   -0.0356766
mnatlen_styr(1,6)      12.6041   -0.0580253
mnatlen_styr(1,7)      12.4783   -0.0808867
mnatlen_styr(1,8)      12.3464   -0.0814996
mnatlen_styr(1,9)      12.2347    -0.100949
mnatlen_styr(1,10)      12.0374    -0.111945
mnatlen_styr(1,11)      11.7473   -0.0810989
mnatlen_styr(1,12)      11.6223    -0.064444
mnatlen_styr(1,13)      11.4909   -0.0741084
mnatlen_styr(1,14)      10.6568   -0.0482177
mnatlen_styr(1,15)      9.38451   -0.0179803
mnatlen_styr(1,16)       8.3281  -0.00676333
mnatlen_styr(1,17)      7.52308  -0.00189617
mnatlen_styr(1,18)      6.92947  -0.00154828
mnatlen_styr(1,19)      6.48569  -0.00226521
mnatlen_styr(1,20)      6.15066 -0.000627007
mnatlen_styr(1,21)      5.91701 -0.000341742
mnatlen_styr(1,22)      5.79707 -0.000174998
mnatlen_styr(2,1)      1.74941  -0.00101506
mnatlen_styr(2,2)      3.14927  0.000429949
mnatlen_styr(2,3)      4.54912  0.000961376
mnatlen_styr(2,4)      5.94894  -0.00111598
mnatlen_styr(2,5)      7.34821  -9.3768e-05
mnatlen_styr(2,6)      8.73903 -0.000271849
mnatlen_styr(2,7)      9.99419 -0.000257497
mnatlen_styr(2,8)      11.0047  0.000368394
mnatlen_styr(2,9)      11.7209  0.000993591
mnatlen_styr(2,10)      12.1634   0.00201779
mnatlen_styr(2,11)      12.3867 -0.000107592
mnatlen_styr(2,12)      12.4541   0.00130687
mnatlen_styr(2,13)      12.4212  -2.9127e-05
mnatlen_styr(2,14)       12.293   0.00200747
mnatlen_styr(2,15)      12.0224   0.00234443
mnatlen_styr(2,16)      11.5584   -0.0131267
mnatlen_styr(2,17)      10.8315   -0.0183896
mnatlen_styr(2,18)      9.90613   -0.0095747
mnatlen_styr(2,19)      8.86027  -0.00549168
mnatlen_styr(2,20)      7.75149 -0.000914707
mnatlen_styr(2,21)      6.61756 -0.000443151
mnatlen_styr(2,22)      5.47773 -0.000532595
fnatlen_styr(1,1)      11.1599  0.000676661
fnatlen_styr(1,2)       11.289 -0.000141469
fnatlen_styr(1,3)      11.6205 -0.000425783
fnatlen_styr(1,4)      12.1649 -0.000598572
fnatlen_styr(1,5)      13.3807 -0.000555013
fnatlen_styr(1,6)      14.2041 -0.000291072
fnatlen_styr(1,7)      13.5464  0.000481748
fnatlen_styr(1,8)      12.5914  7.06052e-05
fnatlen_styr(1,9)      11.5845  0.000970712
fnatlen_styr(1,10)       10.628 -0.000573038
fnatlen_styr(1,11)      10.0514   0.00145918
fnatlen_styr(1,12)      9.79387 -0.000868663
fnatlen_styr(2,1)      11.0252 -0.000347293
fnatlen_styr(2,2)      11.1044 -6.70351e-05
fnatlen_styr(2,3)      11.3559  0.000637961
fnatlen_styr(2,4)       11.964 -0.000847344
fnatlen_styr(2,5)      13.0826   0.00114776
fnatlen_styr(2,6)      13.7741 -0.000973186
fnatlen_styr(2,7)       13.365  0.000546334
fnatlen_styr(2,8)      12.5017  0.000291437
fnatlen_styr(2,9)      11.6703  -0.00111009
fnatlen_styr(2,10)       10.732   0.00154266
fnatlen_styr(2,11)      10.1302  -0.00113526
fnatlen_styr(2,12)      9.85509  0.000884178
log_avg_fmort    -0.734393     0.210841
fmort_dev(1982)    -0.224075    -0.027319
fmort_dev(1983)    -0.891768   -0.0290919
fmort_dev(1984)    -0.267176     -0.13761
fmort_dev(1985)     0.221217    -0.228005
fmort_dev(1986)     0.585266   -0.0757335
fmort_dev(1987)      1.29353    -0.556149
fmort_dev(1988)      1.49308     0.159704
fmort_dev(1989)      1.23913    -0.107608
fmort_dev(1990)      1.94313     0.832033
fmort_dev(1991)      2.10795    -0.145377
fmort_dev(1992)      1.47254    -0.380309
fmort_dev(1993)     0.699373    -0.141268
fmort_dev(1994)     0.334283     0.044783
fmort_dev(1995)    0.0274528    0.0299362
fmort_dev(1996)    0.0322215     0.359539
fmort_dev(1997)     0.195766     0.483092
fmort_dev(1998)     0.268882     0.346757
fmort_dev(1999)     -1.10707   -0.0416762
fmort_dev(2000)    -0.689226    -0.031365
fmort_dev(2001)     0.440607    0.0963279
fmort_dev(2002)   -0.0108299  -0.00662967
fmort_dev(2003)    -0.676935    -0.038344
fmort_dev(2004)    -0.590368   -0.0407985
fmort_dev(2005)     0.184438    0.0525189
fmort_dev(2006)     0.173073    0.0318522
fmort_dev(2007)     0.371017     0.274538
fmort_dev(2008)   -0.0111972     0.137108
fmort_dev(2009)    -0.390135  -0.00366341
fmort_dev(2010)    -0.271956   -0.0407835
fmort_dev(2011)     0.533081    -0.260765
fmort_dev(2012)     0.616463   -0.0160393
fmort_dev(2013)     0.211242     -0.04258
fmort_dev(2014)     -4.24816   -0.0386273
fmort_dev(2015)      1.54485    -0.035702
fmort_dev(2016)     -4.72179   -0.0196751
fmort_dev(2017)      1.41994   -0.0365223
fmort_dev(2018)     -4.98234  -0.00446471
fmort_dev(2019)       1.6745   -0.0359766
log_avg_fmortdf     -7.36145  0.000177963
fmortdf_dev(1982)   -0.0932795  -0.00164646
fmortdf_dev(1983)   -0.0747066  0.000488911
fmortdf_dev(1984)   -0.0632722   0.00272472
fmortdf_dev(1985)   -0.0670852   0.00185899
fmortdf_dev(1986)   -0.0518213  0.000633328
fmortdf_dev(1987)    0.0177782 -0.000344566
fmortdf_dev(1988)    0.0112752 -0.000819152
fmortdf_dev(1989)    0.0845998    0.0029607
fmortdf_dev(1990)       0.1214 -0.000453717
fmortdf_dev(1991)     0.182797 -0.000981659
fmortdf_dev(1992)      1.00376  0.000864544
fmortdf_dev(1993)     0.403949 -0.000444971
fmortdf_dev(1994)    0.0926855  -0.00176128
fmortdf_dev(1995)    -0.347579  0.000289497
fmortdf_dev(1996)    0.0964284 -0.000363607
fmortdf_dev(1997)    -0.303149  -0.00346155
fmortdf_dev(1998)    -0.174507  -0.00196555
fmortdf_dev(1999)    -0.131139 -0.000764197
fmortdf_dev(2000)    -0.101294  0.000113073
fmortdf_dev(2001)   -0.0856829   0.00128455
fmortdf_dev(2002)    -0.071923 -0.000939325
fmortdf_dev(2003)   -0.0734554  0.000433069
fmortdf_dev(2004)   -0.0728293   0.00161945
fmortdf_dev(2005)   -0.0743065  -0.00172746
fmortdf_dev(2006)   -0.0832024  0.000814796
fmortdf_dev(2007)   -0.0658005   0.00172684
fmortdf_dev(2008)   -0.0718272  -0.00108483
fmortdf_dev(2009)   -0.0751197   0.00140606
fmortdf_dev(2010)    -0.114547  0.000377527
fmortdf_dev(2011)      1.58881  -0.00212752
fmortdf_dev(2012)    -0.122099  -0.00182585
fmortdf_dev(2013)     0.122885   0.00208527
fmortdf_dev(2014)     0.887989   -0.0018963
fmortdf_dev(2015)   -0.0547713  0.000807549
fmortdf_dev(2016)    -0.498392    0.0014875
fmortdf_dev(2017)    -0.542591   0.00149418
fmortdf_dev(2018)     -0.57176  0.000717481
fmortdf_dev(2019)    -0.628208  0.000197578
log_avg_fmortt     -5.18489   0.00395669
fmortt_dev_era1(1982)     0.217042  0.000147573
fmortt_dev_era1(1983)     0.226855   0.00100922
fmortt_dev_era1(1984)     0.150878  0.000864273
fmortt_dev_era1(1985)    0.0685119  0.000345395
fmortt_dev_era1(1986)    -0.412382  -0.00144175
fmortt_dev_era1(1987)    -0.381942  -0.00424622
fmortt_dev_era1(1988)    -0.433602  -0.00283889
fmortt_dev_era1(1989)    -0.456789    -0.006635
fmortt_dev_era1(1990)     0.120861  -0.00389471
fmortt_dev_era1(1991)     0.900568   0.00953917
fmortt_dev_era2(1992)      1.40054    0.0106225
fmortt_dev_era2(1993)      1.03385 -0.000262009
fmortt_dev_era2(1994)      1.72234   0.00245867
fmortt_dev_era2(1995)     0.436745   -0.0043665
fmortt_dev_era2(1996)    -0.190911  -0.00460479
fmortt_dev_era2(1997)    -0.290208   -0.0011687
fmortt_dev_era2(1998)    -0.325273  -0.00123542
fmortt_dev_era2(1999)  -0.00503464 -0.000407463
fmortt_dev_era2(2000)     0.221351  0.000422747
fmortt_dev_era2(2001)     0.121976 -0.000567951
fmortt_dev_era2(2002)    -0.119725   0.00103449
fmortt_dev_era2(2003)     0.314141  0.000892393
fmortt_dev_era2(2004)     0.709188 -0.000831047
fmortt_dev_era2(2005)   -0.0647899  -0.00136488
fmortt_dev_era2(2006)     0.268527    -0.003225
fmortt_dev_era2(2007)    -0.227065 -0.000168013
fmortt_dev_era2(2008)    -0.299135 -0.000569584
fmortt_dev_era2(2009)     0.121926   0.00443606
fmortt_dev_era2(2010)    -0.383227   0.00249285
fmortt_dev_era2(2011)    -0.301699  0.000109834
fmortt_dev_era2(2012)    -0.115451  0.000397045
fmortt_dev_era2(2013)    -0.343239   0.00117547
fmortt_dev_era2(2014)    -0.503722 -0.000137623
fmortt_dev_era2(2015)    -0.732267  0.000603187
fmortt_dev_era2(2016)    -0.613681  -0.00016704
fmortt_dev_era2(2017)    -0.826251   0.00143403
fmortt_dev_era2(2018)    -0.425648  9.23052e-05
fmortt_dev_era2(2019)    -0.583259 -0.000511516
Fem_F_prop_constant          0.5            0
log_avg_sel50_mn      4.66618     -1.12392
fish_slope_mn     0.213287    0.0101479
fish_fit_slope_mn     0.423006    0.0144787
fish_fit_sel50_mn      96.0716    -0.296134
fish_disc_slope_f     0.279414 -0.000744101
fish_disc_sel50_f      4.20585  0.000562337
fish_disc_slope_tf    0.0875506  -0.00285297
fish_disc_sel50_tf      114.481  -0.00102541
srv2_q     0.349591   0.00245116
srv2_q_f      0.42689 -3.62898e-05
srv2_sel95      62.1779 -0.000301408
srv2_sel50      43.5095   0.00217697
srv3_q(1988)     0.512588 -0.000425615
srv3_q(1989)      0.46669 -0.000660959
srv3_q(1990)     0.475444 -0.000985365
srv3_q(1991)     0.449236  -0.00114335
srv3_q(1992)      0.30468 -2.12028e-05
srv3_q(1993)       0.2448 -0.000466188
srv3_q(1994)     0.200017  -0.00783609
srv3_q(1995)          0.2   0.00024343
srv3_q(1996)     0.217921  0.000358096
srv3_q(1997)     0.287084  0.000971152
srv3_q(1998)     0.262876 -0.000431476
srv3_q(1999)     0.203926 -0.000400595
srv3_q(2000)     0.334282 -0.000119399
srv3_q(2001)     0.503532 -0.000528299
srv3_q(2002)     0.401502 -0.000151942
srv3_q(2003)     0.339744 -0.000205956
srv3_q(2004)     0.396444  0.000415258
srv3_q(2005)     0.512693  7.86465e-05
srv3_q(2006)     0.470611  0.000373189
srv3_q(2007)     0.449231  0.000186038
srv3_q(2008)     0.437663  0.000696254
srv3_q(2009)     0.486104   0.00013876
srv3_q(2010)      0.59174  0.000260647
srv3_q(2011)     0.653909 -6.47826e-05
srv3_q(2012)     0.508132  0.000759525
srv3_q(2013)     0.321795  2.51929e-05
srv3_q(2014)     0.229826 -0.000904516
srv3_q(2015)     0.200001  -0.00162685
srv3_q(2016)     0.200001  0.000128626
srv3_q(2017)     0.200401 -0.000640996
srv3_q(2018)     0.200586  7.16165e-06
srv3_q(2019)     0.200592  7.92176e-05
srv3_q(2020)      0.20051  0.000188598
srv3_sel95        72.45  -0.00236968
srv3_sel50      46.4572  0.000439285
srv3_q_f(1988)     0.534643  0.000657051
srv3_q_f(1989)     0.999997   0.00347246
srv3_q_f(1990)     0.972259  -6.7239e-05
srv3_q_f(1991)     0.999999   0.00263288
srv3_q_f(1992)     0.717492 -0.000637829
srv3_q_f(1993)     0.459213  3.47454e-06
srv3_q_f(1994)     0.309897   0.00105472
srv3_q_f(1995)      0.28138 -0.000637218
srv3_q_f(1996)          0.2   0.00578117
srv3_q_f(1997)     0.262982  0.000284623
srv3_q_f(1998)     0.300537 -0.000635183
srv3_q_f(1999)          0.2    0.0129769
srv3_q_f(2000)     0.659578  0.000113553
srv3_q_f(2001)     0.611511 -0.000531404
srv3_q_f(2002)     0.439064  0.000647532
srv3_q_f(2003)     0.696591  9.62837e-05
srv3_q_f(2004)     0.953751  0.000109624
srv3_q_f(2005)     0.711604  -0.00027567
srv3_q_f(2006)     0.479073  0.000436151
srv3_q_f(2007)     0.546287 -0.000328258
srv3_q_f(2008)     0.596916   1.9566e-05
srv3_q_f(2009)     0.752122   0.00028646
srv3_q_f(2010)     0.569124 -0.000125264
srv3_q_f(2011)     0.759808 -0.000405109
srv3_q_f(2012)     0.569307 -2.49761e-05
srv3_q_f(2013)     0.376634  0.000540331
srv3_q_f(2014)     0.229325 -9.68266e-06
srv3_q_f(2015)       0.2293 -9.68741e-06
srv3_q_f(2016)     0.411824 -2.09355e-06
srv3_q_f(2017)     0.444089 -1.66211e-06
srv3_q_f(2018)      0.55848 -4.09837e-07
srv3_q_f(2019)     0.761088  1.72778e-06
srv3_q_f(2020)     0.605504  5.40381e-08
srv3_sel95_f      53.1996   0.00166664
srv3_sel50_f      41.0147  -0.00194043
srvind_q     0.999995  1.08735e-06
srvind_q_f     0.138739  -0.00113754
srvind_sel95_f       55.551  0.000895419
srvind_sel50_f      50.4495   0.00113986
srv10ind_q     0.710638 -0.000107926
srv10ind_q_f     0.928115 -0.000247072
selsmo10ind(1)      19.9353 -0.000652492
selsmo10ind(2)      19.9029   0.00326303
selsmo10ind(3)      19.8706  -0.00164755
selsmo10ind(4)      19.8382    0.0021334
selsmo10ind(5)      19.8056   0.00279762
selsmo10ind(6)      19.7728 -0.000204456
selsmo10ind(7)      19.7397  5.60363e-05
selsmo10ind(8)      19.7063  -0.00311087
selsmo10ind(9)      19.6727 -0.000797405
selsmo10ind(10)      19.6388   0.00493164
selsmo10ind(11)      19.6047   0.00442357
selsmo10ind(12)      19.5705 -8.92432e-05
selsmo10ind(13)      19.5362    0.0112727
selsmo10ind(14)       19.502   -0.0247663
selsmo10ind(15)      19.4679    -0.015321
selsmo10ind(16)      19.4338  -0.00302924
selsmo10ind(17)      19.3999   0.00147125
selsmo10ind(18)      19.3662  0.000185573
selsmo10ind(19)      19.3325    0.0159949
selsmo10ind(20)      19.2991  -0.00509684
selsmo10ind(21)      19.2656   -0.0234217
selsmo10ind(22)       19.232   -0.0130279
selsmo09ind(1)     -9.58983 -0.000694751
selsmo09ind(2)     -8.46402   0.00137703
selsmo09ind(3)     -7.33876  0.000895826
selsmo09ind(4)     -6.21863   0.00127277
selsmo09ind(5)     -5.11888  -0.00170823
selsmo09ind(6)     -4.07787  -0.00074526
selsmo09ind(7)     -3.15934 -0.000739433
selsmo09ind(8)     -2.45385   0.00107608
selsmo09ind(9)     -2.00938   0.00307763
selsmo09ind(10)     -1.74613   0.00283359
selsmo09ind(11)     -1.58317  0.000746908
selsmo09ind(12)     -1.41665  5.68964e-05
selsmo09ind(13)       -1.203  -0.00322329
selsmo09ind(14)     -1.02084  0.000462868
selsmo09ind(15)    -0.993318 -7.45603e-06
selsmo09ind(16)     -1.10607   0.00304985
selsmo09ind(17)     -1.23589   0.00096104
selsmo09ind(18)     -1.27721  -0.00033176
selsmo09ind(19)     -1.18924 -0.000535247
selsmo09ind(20)    -0.999709 -0.000676551
selsmo09ind(21)     -0.76704  0.000328509
selsmo09ind(22)    -0.521586   0.00102529
Mmult_imat       1.0257    -0.835018
Mmult      1.05494    -0.434538
Mmultf      1.10852  0.000977546
m_dev_m(1982)      1.02508    0.0537788
m_dev_m(1983)     0.702528     0.094195
m_dev_m(1984)     0.315705     0.116838
m_dev_m(1985)    -0.165091    0.0809973
m_dev_m(1986)    -0.534181    0.0505259
m_dev_m(1987)    -0.656265    0.0352355
m_dev_m(1988)    -0.535366   -0.0191181
m_dev_m(1989)    -0.222705   -0.0433208
m_dev_m(1990)     0.191121    -0.161949
m_dev_m(1991)      0.58856     0.245939
m_dev_m(1992)     0.841347     0.233097
m_dev_m(1993)     0.916599    0.0432632
m_dev_m(1994)      1.24932   -0.0170747
m_dev_m(1995)      1.66155   -0.0430316
m_dev_m(1996)      1.90966    -0.340041
m_dev_m(1997)      1.38404    -0.298022
m_dev_m(1998)      1.31443    -0.141602
m_dev_m(1999)      1.38312     0.010896
m_dev_m(2000)      1.52387   -0.0244624
m_dev_m(2001)      1.59485   -0.0458166
m_dev_m(2002)      1.49519    0.0169394
m_dev_m(2003)      1.29926    0.0119097
m_dev_m(2004)      1.12077    -0.013245
m_dev_m(2005)      1.01654   -0.0394943
m_dev_m(2006)     0.961703   -0.0349496
m_dev_m(2007)     0.955462   -0.0908353
m_dev_m(2008)     0.908579     0.016157
m_dev_m(2009)     0.662971    0.0848421
m_dev_m(2010)     0.201076     0.100777
m_dev_m(2011)     -0.40021    0.0579741
m_dev_m(2012)     -1.07294    0.0428075
m_dev_m(2013)      -1.7303    0.0336217
m_dev_m(2014)     -2.29024    0.0271634
m_dev_m(2015)     -2.69295    0.0272756
m_dev_m(2016)     -2.92113    -0.010604
m_dev_m(2017)     -3.00049  -0.00493727
m_dev_m(2018)     -3.00049  -0.00426601
m_dev_m(2019)     -3.00049  -0.00551849
m_dev_m(2020)     -3.00047    0.0295839
m_dev_f(1982)     0.936289   0.00102073
m_dev_f(1983)      1.41509  -0.00127759
m_dev_f(1984)        1.743 -0.000481964
m_dev_f(1985)      1.71879   0.00063234
m_dev_f(1986)       1.4718 -0.000727557
m_dev_f(1987)      1.14746   0.00220257
m_dev_f(1988)     0.855903  -0.00309346
m_dev_f(1989)     0.654843   0.00307677
m_dev_f(1990)      0.52175  -0.00232535
m_dev_f(1991)     0.438021  0.000452634
m_dev_f(1992)     0.379916 -0.000860706
m_dev_f(1993)     0.338026 -3.01564e-05
m_dev_f(1994)     0.320388 -0.000152313
m_dev_f(1995)      0.35877  0.000504004
m_dev_f(1996)     0.477594  7.00326e-05
m_dev_f(1997)     0.665697  -0.00155773
m_dev_f(1998)     0.865728 -0.000422301
m_dev_f(1999)      1.04104  -0.00225467
m_dev_f(2000)      1.19923   0.00158208
m_dev_f(2001)      1.34393 -0.000716055
m_dev_f(2002)      1.48813   -0.0021541
m_dev_f(2003)      1.61231  -0.00198801
m_dev_f(2004)      1.68447 -0.000252013
m_dev_f(2005)      1.64914  -0.00263558
m_dev_f(2006)      1.46286  6.34441e-05
m_dev_f(2007)      1.10097   0.00179974
m_dev_f(2008)     0.584419  -0.00124637
m_dev_f(2009)    -0.059696 -0.000537323
m_dev_f(2010)    -0.754069  -0.00210055
m_dev_f(2011)     -1.42592   0.00108544
m_dev_f(2012)     -2.01613    -0.001284
m_dev_f(2013)     -2.47835 -0.000648974
m_dev_f(2014)     -2.78837  0.000835222
m_dev_f(2015)     -2.95092  -0.00150145
m_dev_f(2016)     -3.00042  -0.00717258
m_dev_f(2017)     -3.00042   0.00144362
m_dev_f(2018)     -3.00042  2.78775e-05
m_dev_f(2019)     -3.00042   0.00364619
m_dev_f(2020)     -3.00042  -0.00321155
cpueq  0.000710296  9.85953e-05
