# Number of parameters = 440 Objective function value = 3707.84525498589  Maximum gradient component = 0.00267917393669698
# af:
-1.15390000000
# am:
2.04920000000
# bf:
1.33890000000
# bm:
1.22580000000
# bf1:
1.15108525751
# deltaf:
120.000000000
# st_gr:
0.500000000000
# growth_beta:
 0.750000000000 0.750000000000
# matest50f:
45.0000000000
# matestslpf:
0.275000000000
# matest50m:
85.0000000000
# matestslpm:
0.260000000000
# mateste:
 -4.43550046567 -3.97772679017 -3.51995333895 -3.06366261106 -2.62098822286 -2.21859812255 -1.87987213167 -1.61957283475 -1.44661141479 -1.32114271176 -1.24336379425 -1.22623007737 -1.16093113873 -0.939899804602 -0.572057357571 -0.188145810079 -1.87670146090e-09
# matestfe:
 -4.12849678812 -3.19444324682 -2.26038220113 -1.33293269398 -0.495024041164 -0.105086630804 -0.0960739892014 -0.0334123998952
# moltp_af:
2.00000000000
# moltp_bf:
150.000000000
# moltp_am:
1.52000000000
# moltp_bm:
215.000000000
# moltp_ammat:
0.0500000000000
# moltp_bmmat:
105.000000000
# mean_log_rec_f:
13.6243493681
# mean_log_rec_m:
13.8650713084
# rec_devf:
 -1.09822172629 -1.11610990967 -0.176103047613 1.44952737835 0.501341002069 -0.0365306671298 -0.422300973182 0.662927330149 0.772754299608 1.01447385233 1.02079118801 0.786745937575 -0.559505976358 -0.933735023568 -0.841735541698 -0.546518470625 -0.327977012055 -0.809896073797 -1.12183785767 -1.21524687627 -0.0753568596850 0.975895477354 0.207595526751 -0.216934310488 -0.930496334654 -0.937512542511 1.13631618559 0.517332953468 0.121733452648 0.507689024955 0.502446827997 -0.0834241163678 0.531351780796 1.23103528663 0.917763725857 -0.547419390049 -0.858525241108 -0.00233327538734 -3.95448432974e-09
# rec_devm:
 0.236156103341 0.257659371530 0.343198207047 1.54492770355 1.37106644156 1.20826405342 -1.13693998953 -0.824216099878 0.516839194824 2.21054682174 0.201038524174 0.218676978032 -1.10790527320 -1.54586919220 -1.41184263567 0.188613724604 -0.347210439544 -1.28768116890 -1.20952529147 -0.555929060707 0.663405455770 0.573850999799 0.161922966852 -0.496418430262 -1.44448983931 -1.22199042320 0.577785090248 0.306643109822 -0.381743371116 -0.488201632519 0.0812511713674 -0.0561955374559 1.05925522335 1.96313645181 1.01266788303 -0.574764582522 -0.604623866564 -0.00135869360191 5.17779179760e-08
# alpha1_rec:
11.5000000000
# beta_rec:
4.00000000000
# mnatlen_styr:
 11.6204791932 11.6906265794 11.9104188714 12.2208907535 12.4534194112 12.3763881194 12.1584908839 11.9229055411 11.8449785644 11.7267611395 11.3762625166 11.1839865149 11.1737330936 10.5078361160 9.26604759368 8.20954062302 7.41064573123 6.82765263561 6.39675153359 6.07645318094 5.85615550971 5.74373641459
 2.03086026899 3.36824246290 4.70562062091 6.04294000995 7.37947455838 8.70553532980 9.88555313900 10.8090561103 11.4367397276 11.8055475284 11.9786834187 12.0182474001 11.9751432132 11.8473834435 11.5797453262 11.1384616000 10.4619257765 9.59066328755 8.58645348182 7.50796627316 6.39869147684 5.28202938498
# fnatlen_styr:
 9.97619269397 10.0845513136 10.4015901917 10.9822740144 12.2523240650 13.1422696705 12.5354118958 11.6064410791 10.5986934660 9.63428544864 9.05253290377 8.79288732978
 9.94863828114 10.0308956088 10.2960450019 10.9459778295 12.1328530462 12.7830160337 12.3646153010 11.5131906333 10.6828447282 9.73696919491 9.13016390402 8.85305843801
# log_avg_fmort:
-0.345260340116
# fmort_dev:
 -0.708162454000 -1.31554907501 -0.250652859574 0.115808253918 0.261823568708 0.753361190088 0.814113129446 0.584808483028 0.985901169978 1.56329501229 1.44302199797 0.676588994506 0.304434791541 0.0685779201218 0.154744745167 0.0897569837047 0.382149254848 -1.12073114568 -1.28118634963 0.549387661055 -0.116886200193 -1.06269968084 -1.33894634191 -0.988178954322 -0.909117530948 -0.227765173820 -0.455572184610 -1.01012311984 -1.04121256213 -0.312385365581 0.130944330802 0.272717006040 0.640926132902 1.09052969973 -0.00199345917958 0.460132729914 0.416855721647 0.381283679866
# log_avg_fmortdf:
-6.08841469511
# fmortdf_dev:
 -0.145783878829 -0.100270654473 -0.0409448369468 -0.0391622338981 -0.00552516334852 -0.0571523467363 -0.281696504183 -0.349557868150 -0.332283045148 -0.0337664404166 0.847777150223 0.413520099835 0.111225816165 -0.257529794437 0.182509805472 -0.264843555659 -0.129061932474 -0.129680375276 -0.116109321768 -0.0881237819429 -0.0737702609129 -0.0866125821767 -0.0733960585997 -0.0680116860662 -0.0990345538726 -0.0913690676377 -0.123269900928 -0.150826329671 -0.293905473024 0.973438422517 -0.237504813263 0.223217014433 1.60317326904 0.236071806040 -0.0322737160804 -0.106184003922 -0.301275107329 -0.482008096554
# log_avg_fmortt:
-5.18952129810
# fmortt_dev_era1:
 0.247239401543 0.185117378260 0.368282159144 0.237522545302 -0.283156112558 -0.327408291860 -0.430534285468 -0.524698616687 -0.192329698144 0.719965520467
# fmortt_dev_era2:
 1.46073674920 1.18059151918 1.93610661100 0.682513140528 0.0225744943496 -0.195149693019 -0.168844418194 0.0581380306511 0.00345184381071 -0.0621350943959 -0.237252596600 0.188873366975 0.407587882518 -0.394313700445 -0.0711661397051 -0.452985018884 -0.486511159585 -0.144453379270 -0.695445879242 -0.616392902972 -0.309761206748 -0.393963525134 -0.349515401526 -0.271047177090 -0.323759619706 -0.330784827107 -0.189691929441 -0.247399969145
# discard_mult:
1.00000000000
# Fem_F_prop_constant:
0.500000050000
# log_avg_sel50_mn:
4.65621816740
# log_sel50_dev_mn:
 0.00000000000 0.00000000000 0.00000000000 0.00000000000 0.00000000000 0.00000000000 0.00000000000 0.00000000000 0.00000000000 0.00000000000 0.00000000000 0.00000000000 0.00000000000 0.00000000000 0.00000000000 0.00000000000 0.00000000000 0.00000000000 0.00000000000 0.00000000000 0.00000000000 0.00000000000 0.00000000000 0.00000000000 0.00000000000 0.00000000000 0.00000000000 0.00000000000 0.00000000000 0.00000000000 0.00000000000 0.00000000000 0.00000000000 0.00000000000 0.00000000000 0.00000000000 0.00000000000 0.00000000000 0.00000000000
# log_avg_sel50_mo:
4.50000000000
# log_sel50_dev_mo:
 0.00000000000 0.00000000000 0.00000000000 0.00000000000 0.00000000000 0.00000000000 0.00000000000 0.00000000000 0.00000000000 0.00000000000 0.00000000000 0.00000000000 0.00000000000 0.00000000000 0.00000000000 0.00000000000 0.00000000000 0.00000000000 0.00000000000 0.00000000000 0.00000000000 0.00000000000 0.00000000000 0.00000000000 0.00000000000 0.00000000000 0.00000000000 0.00000000000 0.00000000000 0.00000000000 0.00000000000 0.00000000000 0.00000000000 0.00000000000 0.00000000000 0.00000000000 0.00000000000 0.00000000000 0.00000000000
# fish_slope_mn:
0.212161429517
# fish_slope_mo:
0.450000000000
# fish_fit_slope_mn:
0.443054340293
# fish_fit_sel50_mn:
96.4620276721
# fish_fit_slope_mo:
0.275000000000
# fish_fit_sel50_mo:
100.000000000
# fish_slope_mo2:
1.95000000000
# fish_sel50_mo2:
159.500000000
# fish_slope_mn2:
1.00500000000
# fish_sel50_mn2:
130.000000000
# fish_disc_slope_f:
0.271164126655
# fish_disc_sel50_f:
4.21832222562
# log_dev_50f:
 0.00000000000 0.00000000000 0.00000000000 0.00000000000 0.00000000000 0.00000000000 0.00000000000 0.00000000000 0.00000000000 0.00000000000 0.00000000000 0.00000000000 0.00000000000 0.00000000000 0.00000000000 0.00000000000 0.00000000000 0.00000000000 0.00000000000 0.00000000000 0.00000000000 0.00000000000 0.00000000000 0.00000000000 0.00000000000
# fish_disc_slope_tf:
0.0824494998507
# fish_disc_sel50_tf:
110.307877865
# srv1_q:
0.625613107797
# srv1_q_f:
0.577333297245
# srv1_sel95:
63.7931648411
# srv1_sel50:
36.5119281951
# srv2_q:
0.441951264674
# srv2_q_f:
0.999999847131
# srv2_sel95:
60.1603841223
# srv2_sel50:
42.2111914072
# srv3_q:
0.549830337288
# srv3_sel95:
64.0246095362
# srv3_sel50:
41.5168205049
# srv3_q_f:
0.999999971291
# srv3_sel95_f:
50.6966860469
# srv3_sel50_f:
38.7143773977
# srvind_q:
0.999995540899
# srvind_q_f:
0.162251466825
# srvind_sel95_f:
54.4238147432
# srvind_sel50_f:
49.8091774089
# srv10ind_q:
0.682414661541
# srv10ind_q_f:
0.999999683464
# srv10ind_sel95_f:
26.4042645794
# srv10ind_sel50_f:
24.1180932646
# selsmo10ind:
 19.9625270045 19.9640143440 19.9655020539 19.9669898768 19.9684774611 19.9699642402 19.9714490036 19.9729325325 19.9744148172 19.9758958002 19.9773753180 19.9788526844 19.9803276155 19.9817997980 19.9832687978 19.9847338273 19.9861945906 19.9876514516 19.9891047886 19.9905554990 19.9920046887 19.9934532227
# selsmo09ind:
 -9.86911448402 -8.69855902562 -7.52843953848 -6.36265939664 -5.21483832444 -4.12085332145 -3.14226127660 -2.36992644755 -1.85532625177 -1.52670084290 -1.31287409171 -1.11959772106 -0.909916114839 -0.759685035887 -0.778678930359 -0.941430120918 -1.12050466836 -1.21139778380 -1.17891903295 -1.05189857732 -0.885632479499 -0.707080069163
# Mmult_imat:
1.06942310405
# Mmult:
1.10161755062
# Mmultf:
1.19631117675
# m_dev_m:
 -0.464601553944 0.246035149343 1.07350563863 -1.82015883158 -3.00033543910 -3.00033553848 -3.00033552726 -2.82115544315 -1.23731758071 1.18821206525 1.01958373258 -0.497709719242 0.371609026723 1.05902501328 1.48032704328 -0.240411428107 0.957509036745 -0.232196415026 -0.131109153913 1.90312917633 -0.521437999883 -2.16942976547 -2.60080547501 -1.70347467346 0.0657047055262 0.802582835789 0.708812670467 -0.437227773909 -0.964635328842 -0.178733696789 0.858512017136 0.960945379087 1.29795895779 1.88989121665 1.25783872134 2.01651940021 1.81507550205 2.19051995015 1.85811410549
# m_dev_f:
 0.239749888214 1.18754970313 2.20686137463 -0.154071606032 -2.09872485086 -3.00008032249 -3.00008027288 -2.09078814523 -0.513207206650 0.972661389135 1.10076826308 0.999454075338 0.469489886136 0.620274854993 0.0824018181218 0.343420878435 0.896240163225 -0.00803878528255 0.559996775269 0.862705542635 0.0167634526915 0.136505253812 1.11235154198 1.63154628865 1.15912078211 0.425561078883 -0.394251799892 -1.13784540988 -1.23099765943 -0.395783449198 0.549940585872 1.06795030279 1.09002983052 1.42823154308 0.981332481442 0.579415484243 -1.13779698562 -2.55857582444 -3.00008092054
# cpueq:
0.000989213865949
# proprecn:
1.00000000000
