ParName   Value   Gradient
mateste(1)      -4.4355  3.48871e-07
mateste(2)     -3.97773  2.19362e-06
mateste(3)     -3.51995  3.48363e-06
mateste(4)     -3.06366  1.34717e-05
mateste(5)     -2.62099  3.18597e-05
mateste(6)      -2.2186   4.0004e-05
mateste(7)     -1.87987  5.58092e-05
mateste(8)     -1.61957  6.92801e-05
mateste(9)     -1.44661  7.97856e-05
mateste(10)     -1.32114  9.11039e-05
mateste(11)     -1.24336   8.6657e-05
mateste(12)     -1.22623  7.28028e-05
mateste(13)     -1.16093  8.29365e-05
mateste(14)      -0.9399  0.000100155
mateste(15)    -0.572057  0.000127041
mateste(16)    -0.188146  0.000111422
mateste(17)  -1.8767e-09   2.2755e-05
matestfe(1)      -4.1285 -4.42267e-08
matestfe(2)     -3.19444 -1.12833e-07
matestfe(3)     -2.26038  8.82861e-07
matestfe(4)     -1.33293  8.79765e-07
matestfe(5)    -0.495024  4.12815e-07
matestfe(6)    -0.105087 -4.21318e-07
matestfe(7)    -0.096074 -2.23596e-06
matestfe(8)   -0.0334124 -4.36256e-07
mean_log_rec_f      13.6243  9.50542e-07
mean_log_rec_m      13.8651 -0.000210321
rec_devf(1982)     -1.09822  4.08185e-07
rec_devf(1983)     -1.11611  1.63893e-07
rec_devf(1984)    -0.176103  -1.2395e-06
rec_devf(1985)      1.44953 -1.95238e-06
rec_devf(1986)     0.501341  -1.1841e-07
rec_devf(1987)   -0.0365307 -2.00157e-06
rec_devf(1988)    -0.422301 -8.00067e-08
rec_devf(1989)     0.662927  -7.4441e-08
rec_devf(1990)     0.772754 -2.90314e-06
rec_devf(1991)      1.01447 -8.51077e-07
rec_devf(1992)      1.02079  4.69793e-06
rec_devf(1993)     0.786746  7.10525e-06
rec_devf(1994)    -0.559506  2.43525e-06
rec_devf(1995)    -0.933735  3.79956e-07
rec_devf(1996)    -0.841736  1.48875e-06
rec_devf(1997)    -0.546518  6.28151e-07
rec_devf(1998)    -0.327977 -7.56529e-07
rec_devf(1999)    -0.809896  -7.1314e-07
rec_devf(2000)     -1.12184  5.88371e-07
rec_devf(2001)     -1.21525  6.92591e-07
rec_devf(2002)   -0.0753569 -1.32579e-06
rec_devf(2003)     0.975895 -6.81116e-06
rec_devf(2004)     0.207596  1.76764e-07
rec_devf(2005)    -0.216934   2.0783e-06
rec_devf(2006)    -0.930496  8.61567e-07
rec_devf(2007)    -0.937513  2.71769e-07
rec_devf(2008)      1.13632  2.45566e-06
rec_devf(2009)     0.517333  1.34885e-06
rec_devf(2010)     0.121733  6.87311e-07
rec_devf(2011)     0.507689  6.66398e-08
rec_devf(2012)     0.502447  1.83251e-06
rec_devf(2013)   -0.0834241  2.09959e-06
rec_devf(2014)     0.531352  4.14004e-07
rec_devf(2015)      1.23104  -2.7839e-07
rec_devf(2016)     0.917764 -1.11831e-06
rec_devf(2017)    -0.547419 -2.00576e-07
rec_devf(2018)    -0.858525 -9.93562e-07
rec_devf(2019)  -0.00233328 -9.64168e-07
rec_devf(2020) -3.95448e-09 -5.56786e-07
rec_devm(1982)     0.236156  0.000805564
rec_devm(1983)     0.257659  0.000633207
rec_devm(1984)     0.343198  0.000393315
rec_devm(1985)      1.54493  0.000761764
rec_devm(1986)      1.37107 -0.000239011
rec_devm(1987)      1.20826 -0.000768772
rec_devm(1988)     -1.13694  1.05283e-06
rec_devm(1989)    -0.824216 -3.85365e-05
rec_devm(1990)     0.516839 -0.000420458
rec_devm(1991)      2.21055  -0.00267917
rec_devm(1992)     0.201039 -0.000249346
rec_devm(1993)     0.218677  -7.8362e-05
rec_devm(1994)     -1.10791  0.000120766
rec_devm(1995)     -1.54587  0.000134167
rec_devm(1996)     -1.41184   0.00013034
rec_devm(1997)     0.188614  0.000162899
rec_devm(1998)     -0.34721  0.000177842
rec_devm(1999)     -1.28768  0.000138516
rec_devm(2000)     -1.20953  0.000128063
rec_devm(2001)    -0.555929  0.000109625
rec_devm(2002)     0.663405  0.000151127
rec_devm(2003)     0.573851  0.000211733
rec_devm(2004)     0.161923  8.46572e-05
rec_devm(2005)    -0.496418 -1.79621e-05
rec_devm(2006)     -1.44449  8.31104e-05
rec_devm(2007)     -1.22199  0.000101684
rec_devm(2008)     0.577785 -0.000238671
rec_devm(2009)     0.306643 -0.000279082
rec_devm(2010)    -0.381743 -5.91861e-06
rec_devm(2011)    -0.488202  6.07252e-05
rec_devm(2012)    0.0812512  1.57343e-06
rec_devm(2013)   -0.0561955  2.17353e-05
rec_devm(2014)      1.05926 -4.55482e-05
rec_devm(2015)      1.96314  3.51672e-05
rec_devm(2016)      1.01267  0.000127645
rec_devm(2017)    -0.574765  0.000128957
rec_devm(2018)    -0.604624  0.000128173
rec_devm(2019)  -0.00135869  0.000129911
rec_devm(2020)  5.17779e-08  0.000129693
mnatlen_styr(1,1)      11.6205  1.85767e-05
mnatlen_styr(1,2)      11.6906  3.75361e-05
mnatlen_styr(1,3)      11.9104   1.2486e-05
mnatlen_styr(1,4)      12.2209 -3.83484e-05
mnatlen_styr(1,5)      12.4534 -4.35227e-05
mnatlen_styr(1,6)      12.3764 -3.92157e-06
mnatlen_styr(1,7)      12.1585  1.24699e-05
mnatlen_styr(1,8)      11.9229  1.14075e-05
mnatlen_styr(1,9)       11.845  7.89004e-07
mnatlen_styr(1,10)      11.7268 -2.83609e-06
mnatlen_styr(1,11)      11.3763 -8.36233e-07
mnatlen_styr(1,12)       11.184 -4.56514e-06
mnatlen_styr(1,13)      11.1737 -1.47306e-05
mnatlen_styr(1,14)      10.5078 -9.43426e-06
mnatlen_styr(1,15)      9.26605 -2.65058e-06
mnatlen_styr(1,16)      8.20954 -2.30456e-06
mnatlen_styr(1,17)      7.41065 -1.58227e-06
mnatlen_styr(1,18)      6.82765  1.35768e-06
mnatlen_styr(1,19)      6.39675  3.42447e-06
mnatlen_styr(1,20)      6.07645  2.50785e-06
mnatlen_styr(1,21)      5.85616  1.04631e-06
mnatlen_styr(1,22)      5.74374 -1.27275e-06
mnatlen_styr(2,1)      2.03086  9.39138e-07
mnatlen_styr(2,2)      3.36824 -2.10467e-07
mnatlen_styr(2,3)      4.70562 -3.25866e-06
mnatlen_styr(2,4)      6.04294  4.48851e-06
mnatlen_styr(2,5)      7.37947 -4.35447e-06
mnatlen_styr(2,6)      8.70554  2.03226e-06
mnatlen_styr(2,7)      9.88555 -1.37526e-06
mnatlen_styr(2,8)      10.8091 -3.20091e-06
mnatlen_styr(2,9)      11.4367   8.8343e-06
mnatlen_styr(2,10)      11.8055  3.34089e-07
mnatlen_styr(2,11)      11.9787  3.71743e-07
mnatlen_styr(2,12)      12.0182  1.34997e-06
mnatlen_styr(2,13)      11.9751  2.59785e-06
mnatlen_styr(2,14)      11.8474 -5.14272e-07
mnatlen_styr(2,15)      11.5797  1.71907e-05
mnatlen_styr(2,16)      11.1385  3.35662e-05
mnatlen_styr(2,17)      10.4619  2.44158e-05
mnatlen_styr(2,18)      9.59066  2.32675e-05
mnatlen_styr(2,19)      8.58645   1.1443e-05
mnatlen_styr(2,20)      7.50797  2.02537e-06
mnatlen_styr(2,21)      6.39869  1.44056e-07
mnatlen_styr(2,22)      5.28203  1.18002e-06
fnatlen_styr(1,1)      9.97619  4.37016e-07
fnatlen_styr(1,2)      10.0846  1.37117e-06
fnatlen_styr(1,3)      10.4016 -9.35355e-07
fnatlen_styr(1,4)      10.9823  4.94548e-07
fnatlen_styr(1,5)      12.2523  -1.7172e-07
fnatlen_styr(1,6)      13.1423  6.79418e-07
fnatlen_styr(1,7)      12.5354   4.2002e-07
fnatlen_styr(1,8)      11.6064 -1.04994e-06
fnatlen_styr(1,9)      10.5987 -8.35066e-07
fnatlen_styr(1,10)      9.63429  1.04559e-06
fnatlen_styr(1,11)      9.05253 -1.94737e-08
fnatlen_styr(1,12)      8.79289  3.79412e-08
fnatlen_styr(2,1)      9.94864  4.54708e-07
fnatlen_styr(2,2)      10.0309  7.67778e-07
fnatlen_styr(2,3)       10.296  8.19519e-07
fnatlen_styr(2,4)       10.946   1.2169e-07
fnatlen_styr(2,5)      12.1329  1.89592e-06
fnatlen_styr(2,6)       12.783 -7.39992e-07
fnatlen_styr(2,7)      12.3646  6.96312e-07
fnatlen_styr(2,8)      11.5132  9.08122e-07
fnatlen_styr(2,9)      10.6828  2.19612e-06
fnatlen_styr(2,10)      9.73697  4.79509e-07
fnatlen_styr(2,11)      9.13016  1.26263e-07
fnatlen_styr(2,12)      8.85306 -1.01616e-06
log_avg_fmort     -0.34526 -9.85813e-05
fmort_dev(1982)    -0.708162  8.97892e-05
fmort_dev(1983)     -1.31555  3.21875e-07
fmort_dev(1984)    -0.250653 -2.00631e-05
fmort_dev(1985)     0.115808  0.000251402
fmort_dev(1986)     0.261824 -0.000447836
fmort_dev(1987)     0.753361  6.02928e-05
fmort_dev(1988)     0.814113  0.000144212
fmort_dev(1989)     0.584808  5.09899e-05
fmort_dev(1990)     0.985901  5.65493e-05
fmort_dev(1991)       1.5633  0.000231409
fmort_dev(1992)      1.44302 -0.000136001
fmort_dev(1993)     0.676589  0.000161677
fmort_dev(1994)     0.304435 -0.000146838
fmort_dev(1995)    0.0685779 -8.13604e-06
fmort_dev(1996)     0.154745 -0.000295475
fmort_dev(1997)     0.089757  0.000130907
fmort_dev(1998)     0.382149 -0.000413577
fmort_dev(1999)     -1.12073  7.76332e-06
fmort_dev(2000)     -1.28119  1.96083e-05
fmort_dev(2001)     0.549388   4.2638e-05
fmort_dev(2002)    -0.116886  -7.6807e-06
fmort_dev(2003)      -1.0627  2.28391e-05
fmort_dev(2004)     -1.33895  4.72355e-05
fmort_dev(2005)    -0.988179  6.08101e-05
fmort_dev(2006)    -0.909118  9.44918e-06
fmort_dev(2007)    -0.227765 -9.11987e-07
fmort_dev(2008)    -0.455572 -6.02458e-05
fmort_dev(2009)     -1.01012  0.000199314
fmort_dev(2010)     -1.04121  0.000197097
fmort_dev(2011)    -0.312385 -0.000128926
fmort_dev(2012)     0.130944 -0.000114288
fmort_dev(2013)     0.272717  0.000173396
fmort_dev(2014)     0.640926 -0.000119395
fmort_dev(2015)      1.09053 -3.16241e-05
fmort_dev(2016)  -0.00199346  1.40849e-05
fmort_dev(2017)     0.460133  3.87837e-06
fmort_dev(2018)     0.416856 -9.22603e-06
fmort_dev(2019)     0.381284 -5.26488e-05
log_avg_fmortdf     -6.08841 -1.00464e-06
fmortdf_dev(1982)    -0.145784 -4.28091e-07
fmortdf_dev(1983)    -0.100271  -4.8842e-07
fmortdf_dev(1984)   -0.0409448  5.54944e-07
fmortdf_dev(1985)   -0.0391622  6.48391e-07
fmortdf_dev(1986)  -0.00552516    6.331e-07
fmortdf_dev(1987)   -0.0571523   -1.985e-06
fmortdf_dev(1988)    -0.281697  -1.1346e-06
fmortdf_dev(1989)    -0.349558 -5.21092e-07
fmortdf_dev(1990)    -0.332283 -2.38715e-07
fmortdf_dev(1991)   -0.0337664 -2.33642e-06
fmortdf_dev(1992)     0.847777 -7.48483e-07
fmortdf_dev(1993)      0.41352 -1.43885e-06
fmortdf_dev(1994)     0.111226 -9.27052e-07
fmortdf_dev(1995)     -0.25753  2.75268e-06
fmortdf_dev(1996)      0.18251  8.60002e-07
fmortdf_dev(1997)    -0.264844 -4.43296e-07
fmortdf_dev(1998)    -0.129062  1.55761e-07
fmortdf_dev(1999)     -0.12968  9.73277e-07
fmortdf_dev(2000)    -0.116109 -1.05369e-08
fmortdf_dev(2001)   -0.0881238  6.35429e-08
fmortdf_dev(2002)   -0.0737703  -4.6551e-07
fmortdf_dev(2003)   -0.0866126  -4.7983e-07
fmortdf_dev(2004)   -0.0733961  5.03176e-07
fmortdf_dev(2005)   -0.0680117  1.05378e-07
fmortdf_dev(2006)   -0.0990346  4.19836e-07
fmortdf_dev(2007)   -0.0913691  2.28781e-07
fmortdf_dev(2008)     -0.12327 -2.50484e-07
fmortdf_dev(2009)    -0.150826  -1.7576e-06
fmortdf_dev(2010)    -0.293905  1.99817e-06
fmortdf_dev(2011)     0.973438 -6.08754e-07
fmortdf_dev(2012)    -0.237505 -3.02011e-06
fmortdf_dev(2013)     0.223217  1.04387e-08
fmortdf_dev(2014)      1.60317  8.31275e-07
fmortdf_dev(2015)     0.236072 -2.27596e-07
fmortdf_dev(2016)   -0.0322737  8.11316e-07
fmortdf_dev(2017)    -0.106184  -1.2465e-07
fmortdf_dev(2018)    -0.301275 -3.98871e-07
fmortdf_dev(2019)    -0.482008  1.36843e-06
log_avg_fmortt     -5.18952  1.05754e-05
fmortt_dev_era1(1982)     0.247239   2.9948e-08
fmortt_dev_era1(1983)     0.185117 -4.05553e-07
fmortt_dev_era1(1984)     0.368282 -1.29794e-06
fmortt_dev_era1(1985)     0.237523    1.676e-06
fmortt_dev_era1(1986)    -0.283156 -1.26129e-07
fmortt_dev_era1(1987)    -0.327408 -2.95658e-06
fmortt_dev_era1(1988)    -0.430534 -1.55056e-06
fmortt_dev_era1(1989)    -0.524699 -1.97819e-06
fmortt_dev_era1(1990)     -0.19233 -2.56671e-06
fmortt_dev_era1(1991)     0.719966 -1.28219e-07
fmortt_dev_era2(1992)      1.46074  1.12536e-05
fmortt_dev_era2(1993)      1.18059  4.69778e-06
fmortt_dev_era2(1994)      1.93611  9.08084e-06
fmortt_dev_era2(1995)     0.682513  1.42607e-06
fmortt_dev_era2(1996)    0.0225745   2.5653e-06
fmortt_dev_era2(1997)     -0.19515  1.53038e-06
fmortt_dev_era2(1998)    -0.168844  1.79715e-06
fmortt_dev_era2(1999)     0.058138 -3.42896e-06
fmortt_dev_era2(2000)   0.00345184 -1.19076e-06
fmortt_dev_era2(2001)   -0.0621351 -5.19704e-07
fmortt_dev_era2(2002)    -0.237253 -2.38497e-06
fmortt_dev_era2(2003)     0.188873  9.99874e-08
fmortt_dev_era2(2004)     0.407588 -1.76757e-06
fmortt_dev_era2(2005)    -0.394314  2.08668e-07
fmortt_dev_era2(2006)   -0.0711661 -5.22556e-07
fmortt_dev_era2(2007)    -0.452985 -1.53017e-06
fmortt_dev_era2(2008)    -0.486511 -8.87662e-07
fmortt_dev_era2(2009)    -0.144453 -9.13542e-07
fmortt_dev_era2(2010)    -0.695446  -1.9682e-07
fmortt_dev_era2(2011)    -0.616393  1.09614e-06
fmortt_dev_era2(2012)    -0.309761 -3.40339e-06
fmortt_dev_era2(2013)    -0.393964 -4.69367e-07
fmortt_dev_era2(2014)    -0.349515 -6.34719e-07
fmortt_dev_era2(2015)    -0.271047 -1.10401e-06
fmortt_dev_era2(2016)     -0.32376 -1.93596e-06
fmortt_dev_era2(2017)    -0.330785  -1.2657e-06
fmortt_dev_era2(2018)    -0.189692 -1.85997e-06
fmortt_dev_era2(2019)      -0.2474 -2.76249e-06
Fem_F_prop_constant          0.5            0
log_avg_sel50_mn      4.65622  0.000497693
fish_slope_mn     0.212161  2.96341e-06
fish_fit_slope_mn     0.443054 -1.67779e-07
fish_fit_sel50_mn       96.462 -1.40851e-05
fish_disc_slope_f     0.271164 -1.25419e-07
fish_disc_sel50_f      4.21832  2.54174e-06
fish_disc_slope_tf    0.0824495 -2.50605e-06
fish_disc_sel50_tf      110.308  -3.0961e-06
srv2_q     0.441951  2.64393e-06
srv2_q_f            1  4.16123e-07
srv2_sel95      60.1604 -2.89155e-07
srv2_sel50      42.2112 -1.81555e-06
srv3_q      0.54983  3.77887e-07
srv3_sel95      64.0246 -4.05648e-08
srv3_sel50      41.5168  9.89073e-09
srv3_sel95_f      50.6967  1.09481e-06
srv3_sel50_f      38.7144 -4.91701e-07
srvind_q     0.999996 -7.69207e-09
srvind_q_f     0.162251  1.12503e-06
srvind_sel95_f      54.4238  7.87049e-07
srvind_sel50_f      49.8092 -2.21105e-06
srv10ind_q     0.682415 -9.82888e-07
srv10ind_q_f            1 -3.96872e-07
selsmo10ind(1)      19.9625 -8.39817e-06
selsmo10ind(2)       19.964 -1.04997e-05
selsmo10ind(3)      19.9655  3.82646e-07
selsmo10ind(4)       19.967  2.51277e-06
selsmo10ind(5)      19.9685 -9.97443e-06
selsmo10ind(6)        19.97  3.56889e-05
selsmo10ind(7)      19.9714  1.18155e-05
selsmo10ind(8)      19.9729  7.29246e-07
selsmo10ind(9)      19.9744  1.37631e-07
selsmo10ind(10)      19.9759  6.46309e-06
selsmo10ind(11)      19.9774   7.6627e-06
selsmo10ind(12)      19.9789 -1.28357e-06
selsmo10ind(13)      19.9803 -8.56102e-08
selsmo10ind(14)      19.9818 -2.89269e-06
selsmo10ind(15)      19.9833  8.23528e-06
selsmo10ind(16)      19.9847  1.01093e-05
selsmo10ind(17)      19.9862  2.28258e-06
selsmo10ind(18)      19.9877 -7.96654e-06
selsmo10ind(19)      19.9891   4.5409e-06
selsmo10ind(20)      19.9906  2.29144e-07
selsmo10ind(21)       19.992  9.19741e-07
selsmo10ind(22)      19.9935 -2.20186e-06
selsmo09ind(1)     -9.86911  3.26888e-07
selsmo09ind(2)     -8.69856  2.99632e-07
selsmo09ind(3)     -7.52844 -6.47236e-07
selsmo09ind(4)     -6.36266 -1.33915e-06
selsmo09ind(5)     -5.21484  2.17477e-07
selsmo09ind(6)     -4.12085 -9.93461e-07
selsmo09ind(7)     -3.14226  6.55391e-07
selsmo09ind(8)     -2.36993  2.53525e-06
selsmo09ind(9)     -1.85533 -3.26136e-06
selsmo09ind(10)      -1.5267  -1.9536e-06
selsmo09ind(11)     -1.31287  1.10576e-06
selsmo09ind(12)      -1.1196 -1.04048e-06
selsmo09ind(13)    -0.909916  -5.2375e-07
selsmo09ind(14)    -0.759685 -1.27228e-07
selsmo09ind(15)    -0.778679 -2.10194e-08
selsmo09ind(16)     -0.94143 -1.32449e-06
selsmo09ind(17)      -1.1205 -4.31657e-07
selsmo09ind(18)      -1.2114  1.36404e-06
selsmo09ind(19)     -1.17892 -5.09599e-07
selsmo09ind(20)      -1.0519  -3.2175e-06
selsmo09ind(21)    -0.885632  2.01153e-06
selsmo09ind(22)     -0.70708 -9.88679e-07
Mmult_imat      1.06942  0.000398577
Mmult      1.10162  0.000285986
Mmultf      1.19631 -1.48382e-06
m_dev_m(1982)    -0.464602 -3.78114e-05
m_dev_m(1983)     0.246035 -2.88463e-05
m_dev_m(1984)      1.07351 -4.03035e-05
m_dev_m(1985)     -1.82016  -2.2991e-05
m_dev_m(1986)     -3.00034  1.46773e-07
m_dev_m(1987)     -3.00034  3.05159e-06
m_dev_m(1988)     -3.00034    4.676e-06
m_dev_m(1989)     -2.82116  1.31068e-05
m_dev_m(1990)     -1.23732 -1.93602e-05
m_dev_m(1991)      1.18821 -0.000114434
m_dev_m(1992)      1.01958  0.000102134
m_dev_m(1993)     -0.49771 -2.01484e-05
m_dev_m(1994)     0.371609    3.066e-05
m_dev_m(1995)      1.05903   3.0293e-05
m_dev_m(1996)      1.48033  0.000211751
m_dev_m(1997)    -0.240411  2.33871e-05
m_dev_m(1998)     0.957509  0.000141563
m_dev_m(1999)    -0.232196 -3.10916e-05
m_dev_m(2000)    -0.131109 -3.36095e-05
m_dev_m(2001)      1.90313 -3.02976e-05
m_dev_m(2002)    -0.521438 -2.89627e-05
m_dev_m(2003)     -2.16943 -2.07356e-05
m_dev_m(2004)     -2.60081 -1.38651e-05
m_dev_m(2005)     -1.70347 -2.48707e-05
m_dev_m(2006)    0.0657047 -2.48936e-05
m_dev_m(2007)     0.802583 -1.82394e-05
m_dev_m(2008)     0.708813 -3.29112e-05
m_dev_m(2009)    -0.437228 -4.65586e-05
m_dev_m(2010)    -0.964635 -2.01497e-05
m_dev_m(2011)    -0.178734  4.47524e-06
m_dev_m(2012)     0.858512  -2.7867e-06
m_dev_m(2013)     0.960945 -3.75483e-05
m_dev_m(2014)      1.29796  7.40762e-05
m_dev_m(2015)      1.88989  3.81257e-05
m_dev_m(2016)      1.25784 -2.07029e-05
m_dev_m(2017)      2.01652 -4.29874e-06
m_dev_m(2018)      1.81508  1.22275e-06
m_dev_m(2019)      2.19052  3.44015e-05
m_dev_m(2020)      1.85811  -2.4011e-05
m_dev_f(1982)      0.23975 -5.90392e-08
m_dev_f(1983)      1.18755  1.17541e-06
m_dev_f(1984)      2.20686  1.03072e-06
m_dev_f(1985)    -0.154072  1.08983e-06
m_dev_f(1986)     -2.09872  7.21036e-07
m_dev_f(1987)     -3.00008  1.48458e-06
m_dev_f(1988)     -3.00008 -4.28677e-07
m_dev_f(1989)     -2.09079  9.57985e-07
m_dev_f(1990)    -0.513207  1.36416e-06
m_dev_f(1991)     0.972661  3.47823e-07
m_dev_f(1992)      1.10077   1.1475e-06
m_dev_f(1993)     0.999454  1.04152e-06
m_dev_f(1994)      0.46949  7.48944e-07
m_dev_f(1995)     0.620275 -1.07243e-07
m_dev_f(1996)    0.0824018 -1.43365e-07
m_dev_f(1997)     0.343421 -1.24881e-07
m_dev_f(1998)      0.89624   8.1368e-08
m_dev_f(1999)  -0.00803879  6.06498e-07
m_dev_f(2000)     0.559997  1.73255e-06
m_dev_f(2001)     0.862706  9.58378e-07
m_dev_f(2002)    0.0167635  1.04689e-06
m_dev_f(2003)     0.136505   1.0001e-06
m_dev_f(2004)      1.11235  1.23981e-06
m_dev_f(2005)      1.63155  1.99419e-06
m_dev_f(2006)      1.15912  7.37995e-07
m_dev_f(2007)     0.425561  1.41845e-06
m_dev_f(2008)    -0.394252  1.51456e-06
m_dev_f(2009)     -1.13785  8.19035e-07
m_dev_f(2010)       -1.231  1.27966e-06
m_dev_f(2011)    -0.395783   1.0289e-06
m_dev_f(2012)     0.549941  2.05268e-06
m_dev_f(2013)      1.06795  1.55263e-06
m_dev_f(2014)      1.09003  1.97947e-06
m_dev_f(2015)      1.42823  5.22805e-07
m_dev_f(2016)     0.981332  9.15656e-07
m_dev_f(2017)     0.579415  1.72947e-06
m_dev_f(2018)      -1.1378  9.93518e-07
m_dev_f(2019)     -2.55858   9.2763e-07
m_dev_f(2020)     -3.00008 -1.59407e-07
cpueq  0.000989214  3.57808e-09
