# Number of parameters = 427 Objective function value = -3787.76966878413  Maximum gradient component = 0.284829100834826
# af:
-1.15390000000
# am:
2.04920000000
# bf:
1.33890000000
# bm:
1.22580000000
# bf1:
1.15108525751
# deltaf:
120.000000000
# st_gr:
0.500000000000
# growth_beta:
 0.750000000000 0.750000000000
# matest50f:
45.0000000000
# matestslpf:
0.275000000000
# matest50m:
85.0000000000
# matestslpm:
0.260000000000
# mateste:
 -4.57318083621 -4.14317767426 -3.71317471330 -3.28338982731 -2.85835880580 -2.46178290728 -2.12174171776 -1.85586036792 -1.68757129428 -1.57417997106 -1.48940676881 -1.44096906484 -1.33579001473 -1.04761551867 -0.578183924205 -0.115917582399 -1.53715973283e-09
# matestfe:
 -4.07838483421 -3.17896343964 -2.27953307705 -1.38576551164 -0.563685514362 -0.115829348569 -0.0826205706181 -0.0356457282819
# moltp_af:
2.00000000000
# moltp_bf:
150.000000000
# moltp_am:
1.52000000000
# moltp_bm:
215.000000000
# moltp_ammat:
0.0500000000000
# moltp_bmmat:
105.000000000
# mean_log_rec_f:
14.0506822972
# mean_log_rec_m:
13.8840970946
# rec_devf:
 -1.77989519242 -1.06356868559 -0.0853116346156 1.54498175596 0.426371805525 -0.0161250763950 -0.616259613485 0.125596346294 0.219655143480 0.811258856214 1.02129307232 0.950770167221 -0.462567631637 -0.777262419289 -0.780685177889 -0.543278778928 -0.245261874098 -0.707165271168 -0.835117255266 -0.955322560152 -0.120765975014 0.970671322766 0.606422064207 0.402011173401 -0.341966131743 -0.353146743339 1.84176453183 0.915511751692 0.0775715781838 0.0912323814864 0.0231248162674 -0.0653248627731 -0.0826932663883 -0.0721011724729 -0.0600168952918 -0.0431149283072 -0.0201349950730 -0.00115050344662 -1.22069566580e-07
# rec_devm:
 0.525919643061 0.399778785145 0.570691255042 1.15974075638 0.839454622755 1.38955110681 -1.78587345816 -1.47549824531 -0.597377308362 2.28095454143 -0.499653022038 -0.248580085302 -0.979641273608 -1.49586077916 -1.15020775148 0.658826287080 0.0793875406254 -0.857441600030 -0.813599979726 -0.0485876783842 1.10212558887 0.865359600250 0.290407754006 -0.0704468043026 -0.758810086092 0.129125484122 1.41866905309 0.212230260897 -0.208659305819 -0.205882744877 -0.178903609239 -0.162707347194 -0.173142555140 -0.134858244903 -0.0579343314532 -0.0145281258246 -0.00327333573454 -0.000754540587649 -6.68261458022e-08
# alpha1_rec:
11.5000000000
# beta_rec:
4.00000000000
# mnatlen_styr:
 11.3200740803 11.4084141654 11.6226959886 11.9276152656 12.1600942307 12.1182544264 11.9816274244 11.7986287066 11.7281478821 11.6056536112 11.2948163406 11.2037530120 11.2801941257 10.5830234636 9.30266021223 8.22537462786 7.40295047653 6.80427921061 6.36761359810 6.05066194946 5.83758508113 5.73005365322
 2.03260747768 3.38087617873 4.72914031538 6.07734019803 7.42469346284 8.76079580717 9.93817446681 10.8409501847 11.4345501975 11.7661760082 11.9066723867 11.9238136700 11.8769155529 11.7775577399 11.5908763170 11.2777650419 10.7093548313 9.89661348812 8.91437054968 7.83996821719 6.72788191309 5.60672892344
# fnatlen_styr:
 9.52528349950 9.62324712261 9.94740404011 10.5970394203 11.9399605724 13.0726340386 12.5096811165 11.5644658158 10.5458768327 9.55951078274 8.96263838118 8.69504740861
 9.82057089274 9.91642057407 10.2230145192 10.9757153866 12.3532878079 12.9840243307 12.4744653713 11.5480175046 10.6648006190 9.67784145537 9.04875273429 8.76153488495
# log_avg_fmort:
-0.859780714767
# fmort_dev:
 -0.305182475726 -0.884014748363 -0.150008252004 0.420811178431 0.873125205091 1.47123493191 1.42823698449 1.24023279319 2.07220831459 2.10695669210 1.43504551606 0.791478098500 0.363145668290 0.0800996867476 -0.233245710901 0.106794991803 0.0490922776176 -1.42163253913 -1.46385737017 -0.990289214464 -1.16559896449 -1.51115254065 -1.47748606894 -0.936957808788 -0.908535856390 -0.604427874909 -0.980384963059 -1.30390732240 -1.12795904912 1.14230456573 1.02549391298 1.14153646013 1.16996350582 1.05601155376 0.854960287809 -4.96782454011 0.585901336900 1.01783133768
# log_avg_fmortdf:
-6.83354811254
# fmortdf_dev:
 -0.00668130871299 -0.0287943582435 -0.00656534501476 -0.00250798172321 0.0391691465487 0.0345686985017 -0.0558407799685 0.00653786877477 0.0778283246308 0.183577949791 0.882275811330 0.388924133181 0.0936885693816 -0.306862650318 0.131499551884 -0.301719569096 -0.214054486940 -0.191143342301 -0.158997384938 -0.135767596668 -0.0942558209140 -0.0908589670915 -0.0894861568875 -0.145777902991 -0.235474245348 -0.222375937552 -0.227462269876 -0.199554172705 -0.342291567125 0.850226747375 -0.338874087119 0.0234872999937 1.00468461839 0.202036478899 -0.165522025163 -0.137484217110 -0.107654292224 -0.112498732647
# log_avg_fmortt:
-5.67823657388
# fmortt_dev_era1:
 0.0914675774134 0.170883707786 0.171842180820 0.0917954000022 -0.463577984939 -0.462777918391 -0.517917467426 -0.481797982778 0.281847575511 1.11823491200
# fmortt_dev_era2:
 1.62481907399 1.32219993719 2.05330098368 0.751624359189 -0.133796478545 -0.170543187292 -0.275623196444 -0.0654566913756 -0.00372819348698 -0.0871719422882 -0.308635482638 0.0566053160491 0.326840231733 -0.259918197649 0.00828016485107 -0.474678958091 -0.603816117343 -0.270199495921 -0.653588276656 -0.576112796268 -0.277763146289 -0.496548176034 -0.478400055276 -0.334285829913 -0.287208963346 -0.257521752874 -0.0926169314288 -0.0360561975197
# discard_mult:
1.00000000000
# Fem_F_prop_constant:
0.500000050000
# log_avg_sel50_mn:
4.66810425016
# log_sel50_dev_mn:
 0.00000000000 0.00000000000 0.00000000000 0.00000000000 0.00000000000 0.00000000000 0.00000000000 0.00000000000 0.00000000000 0.00000000000 0.00000000000 0.00000000000 0.00000000000 0.00000000000 0.00000000000 0.00000000000 0.00000000000 0.00000000000 0.00000000000 0.00000000000 0.00000000000 0.00000000000 0.00000000000 0.00000000000 0.00000000000 0.00000000000 0.00000000000 0.00000000000 0.00000000000 0.00000000000 0.00000000000 0.00000000000 0.00000000000 0.00000000000 0.00000000000 0.00000000000 0.00000000000 0.00000000000 0.00000000000
# log_avg_sel50_mo:
4.50000000000
# log_sel50_dev_mo:
 0.00000000000 0.00000000000 0.00000000000 0.00000000000 0.00000000000 0.00000000000 0.00000000000 0.00000000000 0.00000000000 0.00000000000 0.00000000000 0.00000000000 0.00000000000 0.00000000000 0.00000000000 0.00000000000 0.00000000000 0.00000000000 0.00000000000 0.00000000000 0.00000000000 0.00000000000 0.00000000000 0.00000000000 0.00000000000 0.00000000000 0.00000000000 0.00000000000 0.00000000000 0.00000000000 0.00000000000 0.00000000000 0.00000000000 0.00000000000 0.00000000000 0.00000000000 0.00000000000 0.00000000000 0.00000000000
# fish_slope_mn:
0.169751316922
# fish_slope_mo:
0.450000000000
# fish_fit_slope_mn:
0.453923388845
# fish_fit_sel50_mn:
95.9353991723
# fish_fit_slope_mo:
0.275000000000
# fish_fit_sel50_mo:
100.000000000
# fish_slope_mo2:
1.95000000000
# fish_sel50_mo2:
159.500000000
# fish_slope_mn2:
1.00500000000
# fish_sel50_mn2:
130.000000000
# fish_disc_slope_f:
0.272002944448
# fish_disc_sel50_f:
4.20327794342
# log_dev_50f:
 0.00000000000 0.00000000000 0.00000000000 0.00000000000 0.00000000000 0.00000000000 0.00000000000 0.00000000000 0.00000000000 0.00000000000 0.00000000000 0.00000000000 0.00000000000 0.00000000000 0.00000000000 0.00000000000 0.00000000000 0.00000000000 0.00000000000 0.00000000000 0.00000000000 0.00000000000 0.00000000000 0.00000000000 0.00000000000
# fish_disc_slope_tf:
0.0767951623280
# fish_disc_sel50_tf:
109.251952300
# srv1_q:
0.625613107797
# srv1_q_f:
0.577333297245
# srv1_sel95:
63.7931648411
# srv1_sel50:
36.5119281951
# srv2_q:
0.414513440779
# srv2_q_f:
0.571774183494
# srv2_sel95:
59.0527526442
# srv2_sel50:
40.7373659253
# srv3_q:
 0.753621893419 0.744160394287 0.816692877272 0.796778721692 0.553647974237 0.461334591814 0.459100432631 0.468389250695 0.423764643764 0.379592826881 0.292522761176 0.200000059877 0.232752149546 0.366568622790 0.280545118397 0.213138050711 0.221109970343 0.328948243202 0.316656794213 0.310672326731 0.263903104534 0.250021865394 0.318770697919 0.387246962980 0.455477826784 0.523490540274 0.591312646260 0.658971649274 0.726495278201 0.793911102882 0.861246654188 0.928529286427 0.995786039891
# srv3_sel95:
58.1721750942
# srv3_sel50:
39.7778887067
# srv3_q_f:
 0.779463665589 0.999998952041 0.999999872774 0.999700686580 0.832154861278 0.638182077451 0.522168717597 0.493890804339 0.375784735745 0.420940270112 0.393295917651 0.262509283495 0.446418951836 0.448981266976 0.312623060052 0.368176635453 0.455900461309 0.431078732181 0.292345537315 0.254849835713 0.252042838489 0.338760402457 0.338142018665 0.337542709460 0.336958674878 0.336386405109 0.335823179121 0.335266075870 0.334712663756 0.334161696968 0.333611417674 0.333060001404 0.332508351017
# srv3_sel95_f:
49.7146455540
# srv3_sel50_f:
38.2632971273
# srvind_q:
0.999995094982
# srvind_q_f:
0.0855841050845
# srvind_sel95_f:
54.8112773527
# srvind_sel50_f:
49.9942846242
# srv10ind_q:
0.384578913326
# srv10ind_q_f:
0.522096775933
# srv10ind_sel95_f:
26.4042645794
# srv10ind_sel50_f:
24.1180932646
# selsmo10ind:
 19.9999930023 19.9993838087 19.9987034229 19.9979520082 19.9971541501 19.9963470212 19.9955794775 19.9948878962 19.9943041962 19.9938455410 19.9935336064 19.9933820339 19.9934083632 19.9936526812 19.9940958106 19.9947000823 19.9954310199 19.9962621569 19.9971583295 19.9980938676 19.9990505848 19.9999978442
# selsmo09ind:
 -10.6934216930 -9.46660053393 -8.24007985536 -7.01678087417 -5.80788391277 -4.64629273220 -3.59324453049 -2.74559421510 -2.16407424767 -1.78506627757 -1.54793513453 -1.36383685741 -1.20053985428 -1.13859770332 -1.27884624319 -1.55686941484 -1.80233219270 -1.91206817194 -1.86043869956 -1.68763948268 -1.46244701538 -1.22144141387
# Mmult_imat:
1.09024593010
# Mmult:
1.09379867504
# Mmultf:
1.30650294981
# cpueq:
0.000557858937909
# proprecn:
1.00000000000
