ParName   Value   Gradient
mateste(1)     -4.57318  1.95816e-06
mateste(2)     -4.14318  5.87841e-05
mateste(3)     -3.71317   0.00019668
mateste(4)     -3.28339  0.000773076
mateste(5)     -2.85836   0.00147834
mateste(6)     -2.46178   0.00234887
mateste(7)     -2.12174   0.00345525
mateste(8)     -1.85586   0.00397848
mateste(9)     -1.68757   0.00458058
mateste(10)     -1.57418   0.00548783
mateste(11)     -1.48941   0.00504937
mateste(12)     -1.44097   0.00442187
mateste(13)     -1.33579    0.0057532
mateste(14)     -1.04762   0.00809219
mateste(15)    -0.578184   0.00964952
mateste(16)    -0.115918   0.00572208
mateste(17) -1.53716e-09 -0.000263648
matestfe(1)     -4.07838  1.47182e-05
matestfe(2)     -3.17896 -3.44008e-06
matestfe(3)     -2.27953 -1.11097e-05
matestfe(4)     -1.38577 -2.55791e-05
matestfe(5)    -0.563686 -9.23152e-06
matestfe(6)    -0.115829  9.68113e-06
matestfe(7)   -0.0826206 -1.34165e-06
matestfe(8)   -0.0356457 -1.48902e-05
mean_log_rec_f      14.0507  2.65089e-06
mean_log_rec_m      13.8841   -0.0148308
rec_devf(1982)      -1.7799 -6.20611e-06
rec_devf(1983)     -1.06357  1.77389e-06
rec_devf(1984)   -0.0853116  1.56771e-06
rec_devf(1985)      1.54498 -3.26984e-06
rec_devf(1986)     0.426372  6.24636e-06
rec_devf(1987)   -0.0161251 -2.12995e-06
rec_devf(1988)     -0.61626  -9.2941e-06
rec_devf(1989)     0.125596 -8.13093e-06
rec_devf(1990)     0.219655  7.49835e-06
rec_devf(1991)     0.811259  7.26118e-06
rec_devf(1992)      1.02129  2.44184e-05
rec_devf(1993)      0.95077  4.00861e-05
rec_devf(1994)    -0.462568  9.84662e-06
rec_devf(1995)    -0.777262  1.39694e-05
rec_devf(1996)    -0.780685 -4.17128e-07
rec_devf(1997)    -0.543279  2.61136e-06
rec_devf(1998)    -0.245262  1.04807e-05
rec_devf(1999)    -0.707165 -6.83677e-07
rec_devf(2000)    -0.835117  7.86058e-06
rec_devf(2001)    -0.955323 -1.71211e-06
rec_devf(2002)    -0.120766 -5.87801e-06
rec_devf(2003)     0.970671 -9.54504e-05
rec_devf(2004)     0.606422  2.90653e-05
rec_devf(2005)     0.402011  5.90197e-06
rec_devf(2006)    -0.341966 -1.40161e-06
rec_devf(2007)    -0.353147 -1.74281e-05
rec_devf(2008)      1.84176 -6.07757e-05
rec_devf(2009)     0.915512  -2.0129e-05
rec_devf(2010)    0.0775716  8.67902e-07
rec_devf(2011)    0.0912324  2.73015e-06
rec_devf(2012)    0.0231248 -1.40663e-06
rec_devf(2013)   -0.0653249 -3.94386e-06
rec_devf(2014)   -0.0826933  3.31122e-06
rec_devf(2015)   -0.0721012 -2.99629e-06
rec_devf(2016)   -0.0600169 -1.20882e-06
rec_devf(2017)   -0.0431149 -6.15982e-06
rec_devf(2018)    -0.020135 -3.95748e-06
rec_devf(2019)   -0.0011505 -3.58796e-06
rec_devf(2020)  -1.2207e-07 -9.68512e-06
rec_devm(1982)      0.52592    0.0075401
rec_devm(1983)     0.399779    0.0194648
rec_devm(1984)     0.570691      0.03558
rec_devm(1985)      1.15974    0.0435574
rec_devm(1986)     0.839455   0.00332847
rec_devm(1987)      1.38955   -0.0251523
rec_devm(1988)     -1.78587   0.00740831
rec_devm(1989)      -1.4755   0.00568334
rec_devm(1990)    -0.597377  -0.00454216
rec_devm(1991)      2.28095    -0.284829
rec_devm(1992)    -0.499653  -0.00510582
rec_devm(1993)     -0.24858  0.000437511
rec_devm(1994)    -0.979641   0.00769299
rec_devm(1995)     -1.49586   0.00848268
rec_devm(1996)     -1.15021   0.00830438
rec_devm(1997)     0.658826   0.00422478
rec_devm(1998)    0.0793875   0.00598398
rec_devm(1999)    -0.857442   0.00727426
rec_devm(2000)      -0.8136   0.00672573
rec_devm(2001)   -0.0485877   0.00319022
rec_devm(2002)      1.10213  -0.00597262
rec_devm(2003)      0.86536   0.00273352
rec_devm(2004)     0.290408   0.00784878
rec_devm(2005)   -0.0704468   0.00857505
rec_devm(2006)     -0.75881   0.00890467
rec_devm(2007)     0.129125   0.00898511
rec_devm(2008)      1.41867    0.0090498
rec_devm(2009)      0.21223    0.0090288
rec_devm(2010)    -0.208659   0.00900177
rec_devm(2011)    -0.205883   0.00898632
rec_devm(2012)    -0.178904   0.00899071
rec_devm(2013)    -0.162707   0.00898875
rec_devm(2014)    -0.173143   0.00897361
rec_devm(2015)    -0.134858   0.00896206
rec_devm(2016)   -0.0579343   0.00895767
rec_devm(2017)   -0.0145281   0.00895987
rec_devm(2018)  -0.00327334   0.00896625
rec_devm(2019) -0.000754541   0.00896016
rec_devm(2020) -6.68261e-08   0.00895825
mnatlen_styr(1,1)      11.3201  3.17441e-06
mnatlen_styr(1,2)      11.4084  -0.00017304
mnatlen_styr(1,3)      11.6227 -0.000450821
mnatlen_styr(1,4)      11.9276   -0.0010203
mnatlen_styr(1,5)      12.1601  -0.00168158
mnatlen_styr(1,6)      12.1183  -0.00212494
mnatlen_styr(1,7)      11.9816  -0.00239675
mnatlen_styr(1,8)      11.7986  -0.00223841
mnatlen_styr(1,9)      11.7281    -0.002428
mnatlen_styr(1,10)      11.6057  -0.00267432
mnatlen_styr(1,11)      11.2948  -0.00208244
mnatlen_styr(1,12)      11.2038  -0.00183475
mnatlen_styr(1,13)      11.2802  -0.00250254
mnatlen_styr(1,14)       10.583  -0.00173785
mnatlen_styr(1,15)      9.30266 -0.000624612
mnatlen_styr(1,16)      8.22537  -0.00025852
mnatlen_styr(1,17)      7.40295 -0.000130893
mnatlen_styr(1,18)      6.80428 -7.14422e-05
mnatlen_styr(1,19)      6.36761 -4.42856e-05
mnatlen_styr(1,20)      6.05066 -4.68929e-05
mnatlen_styr(1,21)      5.83759 -2.65127e-05
mnatlen_styr(1,22)      5.73005 -1.77467e-05
mnatlen_styr(2,1)      2.03261 -2.52295e-05
mnatlen_styr(2,2)      3.38088  5.30109e-05
mnatlen_styr(2,3)      4.72914 -1.40254e-06
mnatlen_styr(2,4)      6.07734 -3.36229e-05
mnatlen_styr(2,5)      7.42469 -1.51925e-05
mnatlen_styr(2,6)       8.7608  2.48256e-05
mnatlen_styr(2,7)      9.93817  2.05851e-05
mnatlen_styr(2,8)       10.841 -1.27614e-05
mnatlen_styr(2,9)      11.4346 -2.61798e-05
mnatlen_styr(2,10)      11.7662   2.3896e-05
mnatlen_styr(2,11)      11.9067 -5.33064e-06
mnatlen_styr(2,12)      11.9238 -1.14562e-05
mnatlen_styr(2,13)      11.8769 -1.70641e-05
mnatlen_styr(2,14)      11.7776 -7.91197e-05
mnatlen_styr(2,15)      11.5909 -0.000738903
mnatlen_styr(2,16)      11.2778  -0.00154856
mnatlen_styr(2,17)      10.7094  -0.00145586
mnatlen_styr(2,18)      9.89661 -0.000894601
mnatlen_styr(2,19)      8.91437 -0.000422306
mnatlen_styr(2,20)      7.83997 -0.000189492
mnatlen_styr(2,21)      6.72788 -7.29548e-05
mnatlen_styr(2,22)      5.60673 -2.45669e-05
fnatlen_styr(1,1)      9.52528 -8.99946e-06
fnatlen_styr(1,2)      9.62325  9.38144e-06
fnatlen_styr(1,3)       9.9474  -1.7578e-05
fnatlen_styr(1,4)       10.597  8.53722e-06
fnatlen_styr(1,5)        11.94  2.83284e-05
fnatlen_styr(1,6)      13.0726  -2.5648e-05
fnatlen_styr(1,7)      12.5097  9.61546e-06
fnatlen_styr(1,8)      11.5645  -1.1248e-05
fnatlen_styr(1,9)      10.5459  1.53342e-05
fnatlen_styr(1,10)      9.55951  4.02554e-06
fnatlen_styr(1,11)      8.96264 -1.15743e-05
fnatlen_styr(1,12)      8.69505  9.82296e-06
fnatlen_styr(2,1)      9.82057  -7.8929e-06
fnatlen_styr(2,2)      9.91642  1.48658e-05
fnatlen_styr(2,3)       10.223 -2.15502e-05
fnatlen_styr(2,4)      10.9757  2.60881e-06
fnatlen_styr(2,5)      12.3533  2.33573e-05
fnatlen_styr(2,6)       12.984  2.04054e-06
fnatlen_styr(2,7)      12.4745 -1.41727e-05
fnatlen_styr(2,8)       11.548  2.32754e-06
fnatlen_styr(2,9)      10.6648  1.23419e-05
fnatlen_styr(2,10)      9.67784 -5.93753e-06
fnatlen_styr(2,11)      9.04875 -9.64657e-06
fnatlen_styr(2,12)      8.76153   8.4103e-06
log_avg_fmort    -0.859781   -0.0126136
fmort_dev(1982)    -0.305182   0.00250614
fmort_dev(1983)    -0.884015   0.00269707
fmort_dev(1984)    -0.150008    0.0010701
fmort_dev(1985)     0.420811  -0.00136852
fmort_dev(1986)     0.873125 -0.000767541
fmort_dev(1987)      1.47123  0.000338471
fmort_dev(1988)      1.42824   0.00142871
fmort_dev(1989)      1.24023   -0.0045768
fmort_dev(1990)      2.07221    0.0103717
fmort_dev(1991)      2.10696   0.00911621
fmort_dev(1992)      1.43505  -0.00323061
fmort_dev(1993)     0.791478   0.00094567
fmort_dev(1994)     0.363146   0.00528328
fmort_dev(1995)    0.0800997   0.00620308
fmort_dev(1996)    -0.233246  0.000276834
fmort_dev(1997)     0.106795   -0.0439645
fmort_dev(1998)    0.0490923   -0.0267769
fmort_dev(1999)     -1.42163   0.00182011
fmort_dev(2000)     -1.46386   0.00232649
fmort_dev(2001)    -0.990289   0.00236578
fmort_dev(2002)      -1.1656   0.00247504
fmort_dev(2003)     -1.51115   0.00257632
fmort_dev(2004)     -1.47749   0.00262959
fmort_dev(2005)    -0.936958   0.00266898
fmort_dev(2006)    -0.908536   0.00249219
fmort_dev(2007)    -0.604428  -0.00138472
fmort_dev(2008)    -0.980385  -0.00140361
fmort_dev(2009)     -1.30391   0.00122481
fmort_dev(2010)     -1.12796   0.00150317
fmort_dev(2011)       1.1423    0.0027042
fmort_dev(2012)      1.02549   0.00271254
fmort_dev(2013)      1.14154   0.00268384
fmort_dev(2014)      1.16996   0.00266356
fmort_dev(2015)      1.05601   0.00276446
fmort_dev(2016)      0.85496   0.00269682
fmort_dev(2017)     -4.96782  0.000114009
fmort_dev(2018)     0.585901    0.0027417
fmort_dev(2019)      1.01783   0.00270781
log_avg_fmortdf     -6.83355   3.0623e-06
fmortdf_dev(1982)  -0.00668131 -6.42112e-06
fmortdf_dev(1983)   -0.0287944 -1.02599e-05
fmortdf_dev(1984)  -0.00656535 -2.86989e-06
fmortdf_dev(1985)  -0.00250798  1.76814e-06
fmortdf_dev(1986)    0.0391691  3.25131e-06
fmortdf_dev(1987)    0.0345687  5.79171e-06
fmortdf_dev(1988)   -0.0558408  1.36432e-05
fmortdf_dev(1989)   0.00653787   1.6627e-05
fmortdf_dev(1990)    0.0778283  1.55058e-05
fmortdf_dev(1991)     0.183578 -3.17214e-05
fmortdf_dev(1992)     0.882276  -5.5228e-06
fmortdf_dev(1993)     0.388924  -9.3017e-06
fmortdf_dev(1994)    0.0936886  2.33477e-05
fmortdf_dev(1995)    -0.306863 -5.21543e-06
fmortdf_dev(1996)       0.1315  9.40184e-06
fmortdf_dev(1997)     -0.30172  9.27127e-06
fmortdf_dev(1998)    -0.214054 -3.52561e-06
fmortdf_dev(1999)    -0.191143  1.37931e-05
fmortdf_dev(2000)    -0.158997  4.46193e-06
fmortdf_dev(2001)    -0.135768  1.80131e-05
fmortdf_dev(2002)   -0.0942558  2.95187e-06
fmortdf_dev(2003)    -0.090859  1.95496e-06
fmortdf_dev(2004)   -0.0894862  1.07976e-05
fmortdf_dev(2005)    -0.145778  1.13377e-06
fmortdf_dev(2006)    -0.235474 -1.85956e-05
fmortdf_dev(2007)    -0.222376 -2.15635e-05
fmortdf_dev(2008)    -0.227462  2.73049e-05
fmortdf_dev(2009)    -0.199554 -1.62265e-05
fmortdf_dev(2010)    -0.342292 -2.23296e-05
fmortdf_dev(2011)     0.850227  1.99619e-06
fmortdf_dev(2012)    -0.338874   3.5615e-06
fmortdf_dev(2013)    0.0234873  3.57759e-06
fmortdf_dev(2014)      1.00468 -9.46325e-06
fmortdf_dev(2015)     0.202036 -1.10266e-05
fmortdf_dev(2016)    -0.165522  3.36673e-05
fmortdf_dev(2017)    -0.137484   9.8705e-07
fmortdf_dev(2018)    -0.107654 -1.17274e-06
fmortdf_dev(2019)    -0.112499  9.93071e-06
log_avg_fmortt     -5.67824  0.000621044
fmortt_dev_era1(1982)    0.0914676 -2.87971e-06
fmortt_dev_era1(1983)     0.170884  6.33188e-05
fmortt_dev_era1(1984)     0.171842  8.64161e-05
fmortt_dev_era1(1985)    0.0917954   6.3839e-05
fmortt_dev_era1(1986)    -0.463578 -3.24453e-06
fmortt_dev_era1(1987)    -0.462778 -8.98577e-06
fmortt_dev_era1(1988)    -0.517917 -3.04768e-05
fmortt_dev_era1(1989)    -0.481798 -4.98547e-05
fmortt_dev_era1(1990)     0.281848 -6.19741e-05
fmortt_dev_era1(1991)      1.11823  3.74702e-05
fmortt_dev_era2(1992)      1.62482  0.000149734
fmortt_dev_era2(1993)       1.3222  6.61566e-05
fmortt_dev_era2(1994)       2.0533   0.00051172
fmortt_dev_era2(1995)     0.751624  0.000224213
fmortt_dev_era2(1996)    -0.133796  0.000205005
fmortt_dev_era2(1997)    -0.170543  0.000193592
fmortt_dev_era2(1998)    -0.275623 -8.61052e-06
fmortt_dev_era2(1999)   -0.0654567 -7.95353e-05
fmortt_dev_era2(2000)  -0.00372819  -8.9116e-05
fmortt_dev_era2(2001)   -0.0871719 -9.26496e-05
fmortt_dev_era2(2002)    -0.308635 -8.19076e-05
fmortt_dev_era2(2003)    0.0566053  -7.1505e-05
fmortt_dev_era2(2004)      0.32684 -6.23502e-05
fmortt_dev_era2(2005)    -0.259918 -6.71577e-05
fmortt_dev_era2(2006)   0.00828016 -4.24038e-05
fmortt_dev_era2(2007)    -0.474679   -6.091e-05
fmortt_dev_era2(2008)    -0.603816 -6.89007e-05
fmortt_dev_era2(2009)    -0.270199 -7.82407e-05
fmortt_dev_era2(2010)    -0.653588 -8.21398e-05
fmortt_dev_era2(2011)    -0.576113 -8.81711e-05
fmortt_dev_era2(2012)    -0.277763 -9.55983e-05
fmortt_dev_era2(2013)    -0.496548 -8.55053e-05
fmortt_dev_era2(2014)      -0.4784  -6.7162e-05
fmortt_dev_era2(2015)    -0.334286 -8.99906e-05
fmortt_dev_era2(2016)    -0.287209  5.64368e-05
fmortt_dev_era2(2017)    -0.257522 -2.51067e-05
fmortt_dev_era2(2018)   -0.0926169 -3.79921e-05
fmortt_dev_era2(2019)   -0.0360562 -4.99726e-05
Fem_F_prop_constant          0.5            0
log_avg_sel50_mn       4.6681    0.0516373
fish_slope_mn     0.169751   0.00037305
fish_fit_slope_mn     0.453923 -0.000140785
fish_fit_sel50_mn      95.9354   0.00186457
fish_disc_slope_f     0.272003 -5.18771e-06
fish_disc_sel50_f      4.20328 -2.89378e-05
fish_disc_slope_tf    0.0767952 -0.000196441
fish_disc_sel50_tf      109.252 -0.000231299
srv2_q     0.414513  1.37475e-05
srv2_q_f     0.571774 -2.39664e-06
srv2_sel95      59.0528 -2.75996e-06
srv2_sel50      40.7374  7.66695e-07
srv3_q(1988)     0.753622 -7.90116e-06
srv3_q(1989)      0.74416 -2.10683e-06
srv3_q(1990)     0.816693   1.6319e-06
srv3_q(1991)     0.796779  5.57174e-06
srv3_q(1992)     0.553648  4.61745e-07
srv3_q(1993)     0.461335  9.98768e-07
srv3_q(1994)       0.4591  -2.2159e-07
srv3_q(1995)     0.468389  -5.9837e-06
srv3_q(1996)     0.423765  -8.8073e-06
srv3_q(1997)     0.379593 -1.47851e-05
srv3_q(1998)     0.292523 -1.16426e-05
srv3_q(1999)          0.2   1.4725e-05
srv3_q(2000)     0.232752   -5.965e-06
srv3_q(2001)     0.366569 -2.07343e-06
srv3_q(2002)     0.280545  4.17146e-06
srv3_q(2003)     0.213138 -2.00342e-05
srv3_q(2004)      0.22111  1.23879e-05
srv3_q(2005)     0.328948 -1.58138e-06
srv3_q(2006)     0.316657 -1.02437e-05
srv3_q(2007)     0.310672 -5.79454e-06
srv3_q(2008)     0.263903 -3.63934e-06
srv3_q(2009)     0.250022  5.69769e-06
srv3_q(2010)     0.318771   9.6673e-06
srv3_q(2011)     0.387247 -1.56482e-06
srv3_q(2012)     0.455478  1.89836e-06
srv3_q(2013)     0.523491 -1.23745e-06
srv3_q(2014)     0.591313  2.73338e-06
srv3_q(2015)     0.658972 -1.39144e-06
srv3_q(2016)     0.726495  8.44456e-07
srv3_q(2017)     0.793911  2.36004e-07
srv3_q(2018)     0.861247  3.98755e-07
srv3_q(2019)     0.928529 -2.67264e-06
srv3_q(2020)     0.995786  2.02404e-05
srv3_sel95      58.1722 -6.34938e-06
srv3_sel50      39.7779  2.77729e-05
srv3_q_f(1988)     0.779464  2.10424e-06
srv3_q_f(1989)     0.999999  2.27907e-05
srv3_q_f(1990)            1  2.17297e-05
srv3_q_f(1991)     0.999701 -3.24535e-06
srv3_q_f(1992)     0.832155  1.03808e-06
srv3_q_f(1993)     0.638182  3.85653e-06
srv3_q_f(1994)     0.522169  4.31035e-06
srv3_q_f(1995)     0.493891 -4.12093e-06
srv3_q_f(1996)     0.375785 -2.39323e-06
srv3_q_f(1997)      0.42094   1.5712e-07
srv3_q_f(1998)     0.393296  2.56953e-06
srv3_q_f(1999)     0.262509  2.33189e-06
srv3_q_f(2000)     0.446419  -2.3655e-06
srv3_q_f(2001)     0.448981  2.85148e-06
srv3_q_f(2002)     0.312623  5.62456e-06
srv3_q_f(2003)     0.368177  1.87708e-06
srv3_q_f(2004)       0.4559 -3.90092e-06
srv3_q_f(2005)     0.431079 -9.21117e-06
srv3_q_f(2006)     0.292346 -2.42384e-06
srv3_q_f(2007)      0.25485 -3.19133e-06
srv3_q_f(2008)     0.252043  1.16594e-05
srv3_q_f(2009)      0.33876 -1.95023e-06
srv3_q_f(2010)     0.338142 -8.75148e-06
srv3_q_f(2011)     0.337543 -6.62944e-07
srv3_q_f(2012)     0.336959   4.0396e-06
srv3_q_f(2013)     0.336386 -5.33137e-06
srv3_q_f(2014)     0.335823  1.16426e-06
srv3_q_f(2015)     0.335266   7.7036e-06
srv3_q_f(2016)     0.334713 -8.29545e-06
srv3_q_f(2017)     0.334162 -4.11856e-06
srv3_q_f(2018)     0.333611  2.20608e-05
srv3_q_f(2019)      0.33306 -9.77746e-06
srv3_q_f(2020)     0.332508  5.71944e-06
srv3_sel95_f      49.7146  1.32294e-05
srv3_sel50_f      38.2633 -5.01119e-06
srvind_q     0.999995 -7.83144e-09
srvind_q_f    0.0855841 -1.04009e-05
srvind_sel95_f      54.8113  6.99548e-06
srvind_sel50_f      49.9943  1.82486e-05
srv10ind_q     0.384579  3.53658e-06
srv10ind_q_f     0.522097  4.73311e-06
selsmo10ind(1)           20 -7.51789e-05
selsmo10ind(2)      19.9994  0.000185973
selsmo10ind(3)      19.9987 -9.42619e-05
selsmo10ind(4)       19.998 -6.20775e-05
selsmo10ind(5)      19.9972 -6.65673e-05
selsmo10ind(6)      19.9963 -7.08236e-05
selsmo10ind(7)      19.9956 -2.57104e-05
selsmo10ind(8)      19.9949  0.000101333
selsmo10ind(9)      19.9943 -3.71192e-05
selsmo10ind(10)      19.9938  -5.9446e-05
selsmo10ind(11)      19.9935  3.42275e-05
selsmo10ind(12)      19.9934  0.000185261
selsmo10ind(13)      19.9934  0.000474913
selsmo10ind(14)      19.9937 -0.000143232
selsmo10ind(15)      19.9941   2.7604e-05
selsmo10ind(16)      19.9947  6.13377e-05
selsmo10ind(17)      19.9954 -5.47235e-05
selsmo10ind(18)      19.9963  6.17234e-05
selsmo10ind(19)      19.9972 -4.42899e-05
selsmo10ind(20)      19.9981  4.83116e-05
selsmo10ind(21)      19.9991 -0.000130793
selsmo10ind(22)           20 -0.000167777
selsmo09ind(1)     -10.6934  9.10501e-07
selsmo09ind(2)      -9.4666  7.63221e-06
selsmo09ind(3)     -8.24008 -7.54255e-06
selsmo09ind(4)     -7.01678  8.57927e-06
selsmo09ind(5)     -5.80788 -1.07901e-05
selsmo09ind(6)     -4.64629  1.23067e-05
selsmo09ind(7)     -3.59324  1.13334e-05
selsmo09ind(8)     -2.74559 -1.06398e-05
selsmo09ind(9)     -2.16407 -9.95711e-06
selsmo09ind(10)     -1.78507 -1.29263e-05
selsmo09ind(11)     -1.54794 -9.96162e-06
selsmo09ind(12)     -1.36384  2.07552e-05
selsmo09ind(13)     -1.20054  1.86245e-05
selsmo09ind(14)      -1.1386  2.16307e-05
selsmo09ind(15)     -1.27885  7.78755e-06
selsmo09ind(16)     -1.55687  1.73146e-05
selsmo09ind(17)     -1.80233   3.1036e-06
selsmo09ind(18)     -1.91207  3.80947e-06
selsmo09ind(19)     -1.86044  5.98178e-06
selsmo09ind(20)     -1.68764 -8.61711e-06
selsmo09ind(21)     -1.46245 -8.23747e-07
selsmo09ind(22)     -1.22144 -6.02225e-06
Mmult_imat      1.09025    0.0287644
Mmult       1.0938    0.0101138
Mmultf       1.3065 -2.14392e-05
cpueq  0.000557859  1.81616e-06
