# Number of parameters = 362 Objective function value = -2012.49970914835  Maximum gradient component = 0.00197782444973102
# af:
-1.15390000000
# am:
2.04920000000
# bf:
1.33890000000
# bm:
1.22580000000
# bf1:
1.15108525751
# deltaf:
120.000000000
# st_gr:
0.500000000000
# growth_beta:
 0.750000000000 0.750000000000
# matest50f:
45.0000000000
# matestslpf:
0.275000000000
# matest50m:
85.0000000000
# matestslpm:
0.260000000000
# mateste:
 -4.74800933893 -4.29172686835 -3.83544459065 -3.37952315385 -2.92975019780 -2.51227094220 -2.16005210638 -1.89303908031 -1.73691226627 -1.64846590547 -1.59221696144 -1.57338821883 -1.50425054949 -1.24430191140 -0.761022654704 -0.225653480990 -1.55612855934e-09
# matestfe:
 -4.21190793598 -3.27384014855 -2.33576727802 -1.40383427877 -0.551730634169 -0.110950127015 -0.0887633903995 -0.0447231408728
# moltp_af:
2.00000000000
# moltp_bf:
150.000000000
# moltp_am:
1.52000000000
# moltp_bm:
215.000000000
# moltp_ammat:
0.0500000000000
# moltp_bmmat:
105.000000000
# mean_log_rec_f:
13.3307966365
# mean_log_rec_m:
13.3377322932
# rec_devf:
 -1.45127417067 -0.680900337588 0.303926242142 2.00275062384 0.939303243102 0.446390427694 -0.273312402458 0.409454737528 0.370669856766 0.793440892086 0.862482257663 0.581093315563 -0.701017962013 -0.972357534489 -0.973503385974 -0.707628768247 -0.309935464465 -0.865503500458 -1.04077965082 -1.04500655029 -0.156521367691 0.702533732892 -0.0107131787628 -0.0629887877549 -0.586317873186 -0.551553396099 1.65006520719 0.732897182572 0.350201856658 0.508582152870 0.0430335060550 -0.0552135846242 -0.0747026262464 -0.0652197989393 -0.0543526466682 -0.0389743990881 -0.0180491777954 -0.000998717320928 4.70159372631e-08
# rec_devm:
 1.05250795813 0.892889804128 1.12389887330 1.53191829898 1.07495668737 1.65085481484 -1.62681404392 -1.05358775700 -0.773637432512 2.20990868553 0.185040571856 -0.615450422256 -1.32741600538 -1.77003419788 -1.44905317034 0.248439804247 -0.0837772284680 -1.09616253977 -1.04010106245 -0.105887109226 0.738606020078 0.628718777524 0.590221841557 -0.0934581141063 -1.04573881690 -0.450675983819 1.02635645623 0.0626420648260 0.0225168175846 0.0922583602510 -0.118002737608 -0.121511363633 -0.157898002612 -0.130265658627 -0.0550897806273 -0.0134331802450 -0.00302317720732 -0.000718086555252 3.46918713016e-08
# alpha1_rec:
11.5000000000
# beta_rec:
4.00000000000
# mnatlen_styr:
 11.3147672309 11.4059503714 11.6146278604 11.8934931483 12.0827739674 12.0041909111 11.8163548442 11.6033118794 11.5391567914 11.3838517726 11.0218456318 10.9264479594 11.0385477162 10.3558772141 9.08293243465 8.02064476755 7.22076811649 6.64060103707 6.21684013493 5.90782613206 5.69888844457 5.59305828279
 2.09751070779 3.42880417837 4.76009239830 6.09130856555 7.42161144453 8.74026739248 9.90062799267 10.7887734127 11.3728156150 11.7014878621 11.8442628278 11.8652032009 11.8189775715 11.7117403582 11.5024413388 11.1572187611 10.5596461008 9.72984199859 8.73920505240 7.66045399151 6.54565741969 5.42225135250
# fnatlen_styr:
 9.26053900981 9.35220301022 9.67191007385 10.3136079274 11.6510348966 12.7752765636 12.1876480645 11.2326833955 10.2125621212 9.22044334976 8.61822131607 8.34717481086
 9.53887791548 9.63634664582 9.94528479775 10.6982420790 12.0644458197 12.6822896545 12.1781234165 11.2429946646 10.3443050414 9.34537402047 8.70821825531 8.41649259378
# log_avg_fmort:
-0.305863941845
# fmort_dev:
 -0.726130615781 -1.23436699328 -0.527112577897 0.0308869390720 0.476172524723 1.00825916474 0.824183580625 0.561650602840 1.42386401097 1.75126528109 1.32898587122 0.747493028966 0.444264877702 0.299651015616 -0.0860164383030 0.289040999140 0.430770157144 -0.867148951444 -0.838159801281 -0.245918855201 -0.438764333766 -0.929984647422 -0.972945641065 -0.391196707318 -0.353052904427 -0.0842541387283 -0.528101079574 -0.979774412405 -0.902375392386 -0.126697176536 -0.0616969559138 0.263617410635 0.308353119169 0.297721663589 0.0971067155695 -0.654071415620 -0.199782887863 0.564264963411
# log_avg_fmortdf:
-6.10003147294
# fmortdf_dev:
 -0.0549028112471 -0.0832912446957 -0.0350628641222 -0.0226257320609 0.0252029563058 -0.0804660488180 -0.245693649604 -0.205551658562 -0.112879294188 0.0250717614745 0.662210779545 0.281764930896 0.0459714129487 -0.296373253837 0.184707798701 -0.244178783668 -0.158194824447 -0.142558294015 -0.116565132593 -0.0992323271297 -0.0650551886079 -0.0655777107552 -0.0675258926020 -0.106584122324 -0.157935145286 -0.119224454948 -0.118074065194 -0.102363027284 -0.229334486191 1.06731803336 -0.238785915689 0.0883226811384 1.05620746755 0.216778810406 -0.154762695649 -0.127722729875 -0.0988182127519 -0.104217066188
# log_avg_fmortt:
-5.13809077279
# fmortt_dev_era1:
 0.226288360031 0.205547711389 0.150223007320 0.115019162000 -0.284151849486 -0.316791796473 -0.436825534047 -0.473464670639 0.0244743677565 0.789681242148
# fmortt_dev_era2:
 1.36837121858 1.17068897616 2.04959458942 0.833315123413 -0.0974607234648 -0.135439577727 -0.173940984168 0.140087128642 0.145320585615 -0.00813363260686 -0.247306575821 0.205276678993 0.550678491263 -0.224502190738 0.111275162447 -0.391480308031 -0.502261173819 -0.146297272822 -0.640720861823 -0.552664301513 -0.359734245843 -0.541932885547 -0.534372199888 -0.482798658828 -0.507248464273 -0.503718795442 -0.277619028750 -0.246976073430
# discard_mult:
1.00000000000
# Fem_F_prop_constant:
0.500000050000
# log_avg_sel50_mn:
4.66351167067
# log_sel50_dev_mn:
 0.00000000000 0.00000000000 0.00000000000 0.00000000000 0.00000000000 0.00000000000 0.00000000000 0.00000000000 0.00000000000 0.00000000000 0.00000000000 0.00000000000 0.00000000000 0.00000000000 0.00000000000 0.00000000000 0.00000000000 0.00000000000 0.00000000000 0.00000000000 0.00000000000 0.00000000000 0.00000000000 0.00000000000 0.00000000000 0.00000000000 0.00000000000 0.00000000000 0.00000000000 0.00000000000 0.00000000000 0.00000000000 0.00000000000 0.00000000000 0.00000000000 0.00000000000 0.00000000000 0.00000000000 0.00000000000
# log_avg_sel50_mo:
4.50000000000
# log_sel50_dev_mo:
 0.00000000000 0.00000000000 0.00000000000 0.00000000000 0.00000000000 0.00000000000 0.00000000000 0.00000000000 0.00000000000 0.00000000000 0.00000000000 0.00000000000 0.00000000000 0.00000000000 0.00000000000 0.00000000000 0.00000000000 0.00000000000 0.00000000000 0.00000000000 0.00000000000 0.00000000000 0.00000000000 0.00000000000 0.00000000000 0.00000000000 0.00000000000 0.00000000000 0.00000000000 0.00000000000 0.00000000000 0.00000000000 0.00000000000 0.00000000000 0.00000000000 0.00000000000 0.00000000000 0.00000000000 0.00000000000
# fish_slope_mn:
0.183649448256
# fish_slope_mo:
0.450000000000
# fish_fit_slope_mn:
0.465629026955
# fish_fit_sel50_mn:
95.8768659691
# fish_fit_slope_mo:
0.275000000000
# fish_fit_sel50_mo:
100.000000000
# fish_slope_mo2:
1.95000000000
# fish_sel50_mo2:
159.500000000
# fish_slope_mn2:
1.00500000000
# fish_sel50_mn2:
130.000000000
# fish_disc_slope_f:
0.257340572642
# fish_disc_sel50_f:
4.20896095219
# log_dev_50f:
 0.00000000000 0.00000000000 0.00000000000 0.00000000000 0.00000000000 0.00000000000 0.00000000000 0.00000000000 0.00000000000 0.00000000000 0.00000000000 0.00000000000 0.00000000000 0.00000000000 0.00000000000 0.00000000000 0.00000000000 0.00000000000 0.00000000000 0.00000000000 0.00000000000 0.00000000000 0.00000000000 0.00000000000 0.00000000000
# fish_disc_slope_tf:
0.0766504714650
# fish_disc_sel50_tf:
110.108066588
# srv1_q:
0.625613107797
# srv1_q_f:
0.577333297245
# srv1_sel95:
63.7931648411
# srv1_sel50:
36.5119281951
# srv2_q:
0.473351688741
# srv2_q_f:
0.805687714857
# srv2_sel95:
60.1288971624
# srv2_sel50:
41.2660231319
# srv3_q:
0.700496625004
# srv3_sel95:
57.8870473172
# srv3_sel50:
39.3895008982
# srv3_q_f:
0.999999971291
# srv3_sel95_f:
49.4520413139
# srv3_sel50_f:
37.8335565888
# srvind_q:
0.999995922697
# srvind_q_f:
0.160204098678
# srvind_sel95_f:
55.5104005188
# srvind_sel50_f:
50.4351667410
# srv10ind_q:
0.746744715138
# srv10ind_q_f:
0.985856790318
# srv10ind_sel95_f:
26.4042645794
# srv10ind_sel50_f:
24.1180932646
# selsmo10ind:
 19.9847160378 19.9845310783 19.9843460303 19.9841614693 19.9839767439 19.9837908115 19.9836034520 19.9834144145 19.9832236173 19.9830305198 19.9828347720 19.9826362945 19.9824349463 19.9822305892 19.9820233074 19.9818133584 19.9816013250 19.9813875229 19.9811726045 19.9809573286 19.9807419409 19.9805265621
# selsmo09ind:
 -10.0115311239 -8.83895238886 -7.66674197385 -6.49829494968 -5.34592665020 -4.24369127249 -3.25175864831 -2.46041251349 -1.92264897595 -1.57016108903 -1.33804021607 -1.13576359608 -0.928681946517 -0.797239269992 -0.852758998361 -1.05817624304 -1.26628958098 -1.37135921024 -1.34485579673 -1.21963781906 -1.05315436105 -0.873614694620
# Mmult_imat:
1.09396253102
# Mmult:
1.07758999997
# Mmultf:
1.34463402952
# cpueq:
0.00102113556552
# proprecn:
1.00000000000
