# Number of parameters = 505 Objective function value = -3102.86548799361  Maximum gradient component = 131.547917370162
# af:
-1.15390000000
# am:
2.04920000000
# bf:
1.33890000000
# bm:
1.22580000000
# bf1:
1.15108525751
# deltaf:
120.000000000
# st_gr:
0.500000000000
# growth_beta:
 0.750000000000 0.750000000000
# matest50f:
45.0000000000
# matestslpf:
0.275000000000
# matest50m:
85.0000000000
# matestslpm:
0.260000000000
# mateste:
 -3.84514186655 -3.43650373563 -3.02787098697 -2.61964967003 -2.21664828235 -1.84472348854 -1.53515520731 -1.30011570859 -1.14911957453 -1.04253712538 -0.975735080267 -0.961432238927 -0.898770892910 -0.705751510500 -0.395440157352 -0.100980475938 -1.06968802704e-07
# matestfe:
 -3.40332160939 -2.62693035673 -1.85051454698 -1.07890348349 -0.378078551032 -0.0677658344635 -0.0804131646250 -0.0351392281943
# moltp_af:
2.00000000000
# moltp_bf:
150.000000000
# moltp_am:
1.52000000000
# moltp_bm:
215.000000000
# moltp_ammat:
0.0500000000000
# moltp_bmmat:
105.000000000
# mean_log_rec_f:
14.6521231983
# mean_log_rec_m:
14.5412144247
# rec_devf:
 -1.08521654727 -1.17184092752 0.0151506596546 1.62781646666 0.913119111023 0.108363684430 -0.574124635984 0.245185607860 0.330037497760 1.00196803544 1.35087258560 1.49728093337 0.0504198602268 -0.308858556762 -0.381750990901 -0.0850725515096 0.0928526498728 -0.512661648758 -0.599818962868 -1.10142223781 -0.577866186770 0.412136640624 0.295065202279 -0.299618522163 -0.758317563456 -0.956384275031 1.19894103934 0.812699329180 0.255878223413 -0.235429461695 -0.261170496109 -0.286498236380 -0.273371666201 -0.248764482674 -0.219348142825 -0.171333402767 -0.0964242083883 -0.00252733264490 3.35097365955e-05
# rec_devm:
 -0.133070371477 0.0969257457439 0.318229383729 1.42281497737 -0.276505935815 1.62041421832 -0.408833746215 0.226396176781 0.854148005541 2.78168233891 0.112703744781 1.49283456958 -0.386543402618 -1.01250943297 -0.787891584393 0.749031807261 0.0774302990995 -0.990148383038 -1.07936865788 -0.173561698314 0.423864655820 0.412556945543 0.0915152876767 -0.606738861139 -1.32053755052 -0.554691379856 0.975853912753 -0.118244717680 -0.0487181516339 -0.680817041421 -0.789104104902 -0.789050706906 -0.713925437978 -0.506637325105 -0.218662576098 -0.0498505558164 -0.00925789956239 -0.00161747446611 -0.000115073104827
# alpha1_rec:
11.5000000000
# beta_rec:
4.00000000000
# mnatlen_styr:
 11.9630914555 12.0212940778 12.2364357936 12.5571570623 12.8176731914 12.7697801880 12.6315559798 12.5172279531 12.4046059419 12.1856586189 11.9134953769 11.7989133431 11.6204264189 10.7646373469 9.50852754470 8.46339416840 7.65415553432 7.05160916146 6.59808308960 6.25344252647 6.01211402659 5.88829176713
 1.59961636286 3.03994292426 4.48027747925 5.92061669645 7.36052480571 8.79260249504 10.0869781335 11.1314109300 11.8725486868 12.3275554394 12.5496495507 12.6032237785 12.5473132225 12.3940950337 12.1068808189 11.6334001761 10.8976130110 9.96516218031 8.91527180586 7.80465923504 6.66995390872 5.52961185090
# fnatlen_styr:
 11.5807033169 11.7423298505 12.1202165293 12.7137166912 14.0403622226 14.7896221761 14.1692184054 13.1995349814 12.2043948471 11.1338529678 10.4808047532 10.1932491650
 -9.95767452340 -9.95519375970 -9.95432660094 -9.94824126623 -9.94733571565 -9.94268349246 -9.94070897684 -9.93934586896 -9.94025231160 -9.93973110206 -9.94018144321 -9.93888262300
# log_avg_fmort:
-0.836158824307
# fmort_dev:
 -0.157068458583 -0.853211568926 -0.223057689273 0.271920482715 0.637149135019 1.32763026883 1.48880589447 1.22467158517 1.91319250072 2.22336778208 1.82554939258 1.01720809609 0.608197805878 0.250394346604 0.258990150130 0.360578484532 0.429224716077 -0.968777011387 -0.512049212906 0.705337623924 0.252971021503 -0.415070827327 -0.302212541064 0.534682771913 0.480001534445 0.511346857543 -0.0965272203458 -0.656072712747 -0.694269243433 -0.172043113249 1.52287199968 -4.97655885991 1.62221698793 1.58856898747 1.88984967102 -4.60984558717 -3.77997277191 -4.52799127809
# log_avg_fmortdf:
-7.70396758132
# fmortdf_dev:
 -0.0560457403057 -0.0634875963629 -0.0562805724436 -0.0602779593438 -0.0484177138965 0.0187585090973 0.0373621886492 0.108173071805 0.121175737733 0.157456040731 0.897087855008 0.399300779990 0.168364002469 -0.238454959019 0.219161664699 -0.205576012246 -0.113806319647 -0.0944007424970 -0.0783420263660 -0.0700201827104 -0.0624716986366 -0.0643602255908 -0.0643386740507 -0.0647468173254 -0.0726556410957 -0.0573125473831 -0.0659101484293 -0.0725542876504 -0.149039198048 1.29450662575 -0.243252043861 -0.00241674745508 0.790455201185 -0.0615744326495 -0.482768522655 -0.520388705809 -0.545285738516 -0.597616423121
# log_avg_fmortt:
-5.27034647816
# fmortt_dev_era1:
 0.171903409103 0.206924585641 0.151331131570 0.0663193245496 -0.448452511001 -0.419864378619 -0.470040209721 -0.482741133714 0.175169545226 1.04945023697
# fmortt_dev_era2:
 1.65111437724 1.28397995527 1.94258105699 0.605529539036 -0.0400926002226 -0.158287879902 -0.218643765590 0.0709920039002 0.241089528250 0.0778741448424 -0.118056538186 0.344549972859 0.791902263543 -0.0633856309228 0.271475663994 -0.204271258765 -0.338230165311 -0.0188026842287 -0.580709622744 -0.596852299380 -0.568536502114 -0.665922396579 -0.922553469576 -0.681835035691 -0.634170027103 -0.532900518339 -0.414363618562 -0.523474492714
# discard_mult:
1.00000000000
# Fem_F_prop_constant:
0.500000050000
# log_avg_sel50_mn:
4.66653240162
# log_sel50_dev_mn:
 0.00000000000 0.00000000000 0.00000000000 0.00000000000 0.00000000000 0.00000000000 0.00000000000 0.00000000000 0.00000000000 0.00000000000 0.00000000000 0.00000000000 0.00000000000 0.00000000000 0.00000000000 0.00000000000 0.00000000000 0.00000000000 0.00000000000 0.00000000000 0.00000000000 0.00000000000 0.00000000000 0.00000000000 0.00000000000 0.00000000000 0.00000000000 0.00000000000 0.00000000000 0.00000000000 0.00000000000 0.00000000000 0.00000000000 0.00000000000 0.00000000000 0.00000000000 0.00000000000 0.00000000000 0.00000000000
# log_avg_sel50_mo:
4.50000000000
# log_sel50_dev_mo:
 0.00000000000 0.00000000000 0.00000000000 0.00000000000 0.00000000000 0.00000000000 0.00000000000 0.00000000000 0.00000000000 0.00000000000 0.00000000000 0.00000000000 0.00000000000 0.00000000000 0.00000000000 0.00000000000 0.00000000000 0.00000000000 0.00000000000 0.00000000000 0.00000000000 0.00000000000 0.00000000000 0.00000000000 0.00000000000 0.00000000000 0.00000000000 0.00000000000 0.00000000000 0.00000000000 0.00000000000 0.00000000000 0.00000000000 0.00000000000 0.00000000000 0.00000000000 0.00000000000 0.00000000000 0.00000000000
# fish_slope_mn:
0.218249393316
# fish_slope_mo:
0.450000000000
# fish_fit_slope_mn:
0.406913234749
# fish_fit_sel50_mn:
95.7922757689
# fish_fit_slope_mo:
0.275000000000
# fish_fit_sel50_mo:
100.000000000
# fish_slope_mo2:
1.95000000000
# fish_sel50_mo2:
159.500000000
# fish_slope_mn2:
1.00500000000
# fish_sel50_mn2:
130.000000000
# fish_disc_slope_f:
0.290542983539
# fish_disc_sel50_f:
4.19154489496
# log_dev_50f:
 0.00000000000 0.00000000000 0.00000000000 0.00000000000 0.00000000000 0.00000000000 0.00000000000 0.00000000000 0.00000000000 0.00000000000 0.00000000000 0.00000000000 0.00000000000 0.00000000000 0.00000000000 0.00000000000 0.00000000000 0.00000000000 0.00000000000 0.00000000000 0.00000000000 0.00000000000 0.00000000000 0.00000000000 0.00000000000
# fish_disc_slope_tf:
0.0886447161171
# fish_disc_sel50_tf:
115.056481155
# srv1_q:
0.625613107797
# srv1_q_f:
0.577333297245
# srv1_sel95:
63.7931648411
# srv1_sel50:
36.5119281951
# srv2_q:
0.325567600242
# srv2_q_f:
0.400647299015
# srv2_sel95:
62.8681243681
# srv2_sel50:
43.8318102912
# srv3_q:
 0.495129417906 0.451208461077 0.468164927963 0.462173493144 0.338907047312 0.277172620416 0.215103808459 0.200000001440 0.217285394704 0.280683882336 0.255955810253 0.200056286689 0.335137175783 0.512338300930 0.416117835135 0.358796052486 0.432041322040 0.564606688917 0.515373093415 0.467052257335 0.406896807619 0.376469204419 0.391736638721 0.360757205165 0.333786151415 0.310444614909 0.289910385220 0.271841630727 0.256326809774 0.242617698204 0.230005995115 0.216812327692 0.203699343113
# srv3_sel95:
78.0178707749
# srv3_sel50:
49.2098633454
# srv3_q_f:
 0.498332473362 0.999989260004 0.974328949769 0.999999577937 0.740926380819 0.468411399393 0.307578216178 0.271364279594 0.200000441358 0.265153173510 0.301691717810 0.200001322552 0.641937030358 0.617584239517 0.447869371508 0.714394774267 0.999634284535 0.742554965097 0.482674086815 0.498914160050 0.471682525105 0.563132571759 0.380288359968 0.404236893424 0.731502324778 0.750541766935 0.750544703703 0.750545395769 0.709715919050 0.696274341426 0.629785761382 0.501418052215 0.595995690897
# srv3_sel95_f:
53.9870812966
# srv3_sel50_f:
41.8232455948
# srvind_q:
0.999994634145
# srvind_q_f:
0.108988803470
# srvind_sel95_f:
56.5592074490
# srvind_sel50_f:
51.0764685511
# srv10ind_q:
0.462893059416
# srv10ind_q_f:
0.594006941025
# srv10ind_sel95_f:
26.4042645794
# srv10ind_sel50_f:
24.1180932646
# selsmo10ind:
 19.9949812883 19.9963021698 19.9981718376 19.9998024029 19.9995509174 19.9977919474 19.9923365252 19.9845243541 19.9739619038 19.9584296198 19.9395167916 19.9192770679 19.8965258819 19.8720264307 19.8457738787 19.8179306351 19.7895283935 19.7592676443 19.7277633182 19.6956826369 19.6622738297 19.6262914035
# selsmo09ind:
 -10.8431772263 -9.60364811076 -8.36448117789 -7.12932529753 -5.91142666891 -4.74725391931 -3.70242291204 -2.87799723573 -2.33079515079 -1.98408623375 -1.76055290674 -1.55622663421 -1.32469571917 -1.13875471766 -1.11240563409 -1.22018741407 -1.33403940086 -1.35076910619 -1.23330986084 -1.01234006235 -0.747903208613 -0.470819758426
# Mmult_imat:
1.00998863370
# Mmult:
1.04333704064
# Mmultf:
1.09416412666
# m_dev_m:
 1.11523948335 0.860401783750 0.541923118879 0.110606591805 -0.215759688806 -0.293870531671 -0.139100511524 0.193936176743 0.618107923572 1.01502740454 1.22833828853 1.18869987819 1.45443052575 1.82971812938 2.03631168966 1.49649094359 1.43088178685 1.49560155026 1.64265770849 1.73999684681 1.66632657213 1.48728144119 1.31431376940 1.18057170819 1.02475097793 0.828958355844 0.504957850200 -0.0243888141196 -0.694442309108 -1.38589522792 -2.00340094934 -2.48483911383 -2.80171044334 -2.95980908308 -3.00047752577 -3.00048905216 -3.00042342903 -3.00046933508 -3.00045449026
# m_dev_f:
 0.928600628400 1.46301811065 1.83828507448 1.85674519632 1.64277964807 1.33551591779 1.04436512825 0.835409113604 0.699364050010 0.620077353837 0.566205188006 0.520666183332 0.487003658595 0.498498610986 0.587847770849 0.758506030118 0.959353913360 1.15032396798 1.32967110947 1.48856550957 1.62980253887 1.72742328511 1.74534997413 1.62578219415 1.32692581955 0.835022486566 0.196527035360 -0.526897857597 -1.24411952300 -1.87957254041 -2.38369925961 -2.73305828425 -2.92952895216 -3.00042303492 -3.00041843797 -3.00038157621 -3.00038507299 -2.99874131350 -3.00040964481
# cpueq:
0.000623266649428
# proprecn:
1.00000000000
