# Number of parameters = 440 Objective function value = 2225.66873774429  Maximum gradient component = 164.744528388057
# af:
-1.15390000000
# am:
2.04920000000
# bf:
1.33890000000
# bm:
1.22580000000
# bf1:
1.15108525751
# deltaf:
120.000000000
# st_gr:
0.500000000000
# growth_beta:
 0.750000000000 0.750000000000
# matest50f:
45.0000000000
# matestslpf:
0.275000000000
# matest50m:
85.0000000000
# matestslpm:
0.260000000000
# mateste:
 -4.52876773474 -4.06139521632 -3.59402437037 -3.12727725331 -2.66815113238 -2.24455983478 -1.88655328071 -1.60830146108 -1.42782927936 -1.29400374557 -1.19806314972 -1.18702248221 -1.16539138764 -0.986369095370 -0.622996135626 -0.191891117912 -1.84156512262e-09
# matestfe:
 -4.30594840663 -3.34748308027 -2.38901419152 -1.43774319835 -0.576242466847 -0.140140898040 -0.109129403387 -0.0398945046966
# moltp_af:
2.00000000000
# moltp_bf:
150.000000000
# moltp_am:
1.52000000000
# moltp_bm:
215.000000000
# moltp_ammat:
0.0500000000000
# moltp_bmmat:
105.000000000
# mean_log_rec_f:
13.4936664515
# mean_log_rec_m:
13.5955208887
# rec_devf:
 -1.16899969695 -0.994029296815 0.189778103516 1.91602883308 0.979303878689 0.274928465396 -0.294588470254 0.529647310036 0.497975259011 0.963502931256 1.01006321427 0.731621268286 -0.640826482709 -0.923986020461 -0.965812482350 -0.701736555684 -0.224760508985 -0.825727569889 -0.951944454974 -0.934387576369 -0.0119367265550 0.803776340205 -0.0761648620563 -0.113436195578 -0.847324213577 -0.775354991108 1.24977162096 0.239007491383 -0.128891375333 -0.0262417252508 -0.0840335419370 -0.524478274594 0.291719945553 1.16957177582 0.661664826883 -0.194435722188 -0.0965268607729 -0.00275370527930 1.60453118277e-05
# rec_devm:
 0.574802242688 0.793235304570 0.963510865049 2.08929310506 1.07112668096 1.85419871590 -1.20526188799 0.0311326207056 0.0958731885585 2.47683784145 0.0843711976624 0.257750973297 -1.10882882818 -1.64276648600 -1.30918618104 0.474601582701 -0.0491098008828 -1.04860441922 -1.01619746028 -0.00478704628644 0.713923527012 0.537641970926 0.502469479144 -0.395901452208 -1.53686038837 -1.40627555847 0.190085406985 -0.871800987779 -1.27576656678 -1.33846117636 -0.872511540787 -0.195704351118 0.650829981574 1.32344796628 0.637268439266 -0.0350200795921 -0.00753168363675 -0.00171966075844 -0.000105534060296
# alpha1_rec:
11.5000000000
# beta_rec:
4.00000000000
# mnatlen_styr:
 11.8162641967 11.8631983509 12.0323269344 12.2729870762 12.4390070894 12.3432151988 12.1516105790 11.9795663615 11.9042427576 11.6856656696 11.3287049194 11.2444295111 11.2537294472 10.4541136414 9.17751516744 8.13417780806 7.34666898387 6.76573001647 6.33055975118 6.00271514113 5.77497521148 5.65824674910
 1.84981916066 3.23505758561 4.62029231984 6.00548548815 7.39004399153 8.76510325322 9.99273985698 10.9586807686 11.6182799571 12.0038213363 12.1789711466 12.2107754547 12.1557984562 12.0185464129 11.7512593079 11.3119521272 10.6212373646 9.72613795868 8.70124211561 7.60773703134 6.48673366622 5.35924933960
# fnatlen_styr:
 10.7944139164 10.7969470434 10.7994830781 10.8017049889 10.7967091911 10.7986176060 10.7951530475 10.7960091763 10.7943897245 10.7923580486 10.7863884525 10.7807702836
 10.3089703207 10.4133393507 10.7362356489 11.5188254102 12.9898552197 13.7949278672 13.2454375846 12.3367504980 11.4190234630 10.2887989379 9.55658402348 9.22968367478
# log_avg_fmort:
-0.0883986880634
# fmort_dev:
 -0.759459126223 -1.33725893171 -0.704688756979 -0.217507843140 0.151810380789 0.884328581916 1.04234448126 0.734225212634 1.43206005490 1.59893660273 1.20794481686 0.590800585250 0.327673973241 0.108757341701 -0.0815269092252 0.233032821663 0.409690088908 -0.961616129993 -0.947806182117 -0.274497443748 -0.521132087968 -1.07456522712 -1.08660643746 -0.435329354968 -0.387174935450 -0.134553569134 -0.573361228031 -1.02116756115 -0.933094261510 -0.0693396813813 0.299293365972 0.411910886653 0.808992450317 0.609964349128 -0.00238459007743 -0.418457636642 -0.0309368639329 1.12069876405
# log_avg_fmortdf:
-6.16901121651
# fmortdf_dev:
 -0.0928843594355 -0.0533612777335 -0.0472967744037 -0.0495317508061 -0.0192350189200 -0.0464701153290 -0.261418404444 -0.281563008384 -0.211003344974 -0.0457293405984 0.667168405450 0.316356838318 0.0852339880156 -0.266697333579 0.210493011190 -0.239096956248 -0.165481699901 -0.159506584670 -0.142271720991 -0.129705015213 -0.0983333618167 -0.0943459816428 -0.0893190250227 -0.109349944729 -0.144829442400 -0.115186612486 -0.125573676226 -0.124645652076 -0.202352662858 1.30924327246 -0.124009337397 0.240576750626 1.59109833792 0.294185545423 -0.104456429958 -0.235610673252 -0.397247977475 -0.537842666430
# log_avg_fmortt:
-4.87889189926
# fmortt_dev_era1:
 0.266606971586 0.263663928710 0.162169673138 0.0846758566106 -0.324380453925 -0.310613181285 -0.393626347951 -0.460019422088 -0.0227022712685 0.734225246473
# fmortt_dev_era2:
 1.34411400355 1.13481451644 2.01303764537 0.761575879394 -0.0499374939214 -0.108783218139 -0.158630921846 0.127693177221 0.0999919441442 -0.0768921136772 -0.316691236850 0.136630905502 0.516459945794 -0.285939263247 0.0560496485840 -0.432690548582 -0.526387912946 -0.142752353791 -0.652346768029 -0.539056433636 -0.277095891081 -0.373535820678 -0.344351128833 -0.308144476898 -0.360641448803 -0.421136444158 -0.311817411706 -0.503536779175
# discard_mult:
1.00000000000
# Fem_F_prop_constant:
0.500000050000
# log_avg_sel50_mn:
4.66319570007
# log_sel50_dev_mn:
 0.00000000000 0.00000000000 0.00000000000 0.00000000000 0.00000000000 0.00000000000 0.00000000000 0.00000000000 0.00000000000 0.00000000000 0.00000000000 0.00000000000 0.00000000000 0.00000000000 0.00000000000 0.00000000000 0.00000000000 0.00000000000 0.00000000000 0.00000000000 0.00000000000 0.00000000000 0.00000000000 0.00000000000 0.00000000000 0.00000000000 0.00000000000 0.00000000000 0.00000000000 0.00000000000 0.00000000000 0.00000000000 0.00000000000 0.00000000000 0.00000000000 0.00000000000 0.00000000000 0.00000000000 0.00000000000
# log_avg_sel50_mo:
4.50000000000
# log_sel50_dev_mo:
 0.00000000000 0.00000000000 0.00000000000 0.00000000000 0.00000000000 0.00000000000 0.00000000000 0.00000000000 0.00000000000 0.00000000000 0.00000000000 0.00000000000 0.00000000000 0.00000000000 0.00000000000 0.00000000000 0.00000000000 0.00000000000 0.00000000000 0.00000000000 0.00000000000 0.00000000000 0.00000000000 0.00000000000 0.00000000000 0.00000000000 0.00000000000 0.00000000000 0.00000000000 0.00000000000 0.00000000000 0.00000000000 0.00000000000 0.00000000000 0.00000000000 0.00000000000 0.00000000000 0.00000000000 0.00000000000
# fish_slope_mn:
0.201795870653
# fish_slope_mo:
0.450000000000
# fish_fit_slope_mn:
0.465700416616
# fish_fit_sel50_mn:
96.2061398340
# fish_fit_slope_mo:
0.275000000000
# fish_fit_sel50_mo:
100.000000000
# fish_slope_mo2:
1.95000000000
# fish_sel50_mo2:
159.500000000
# fish_slope_mn2:
1.00500000000
# fish_sel50_mn2:
130.000000000
# fish_disc_slope_f:
0.260988371167
# fish_disc_sel50_f:
4.22458126757
# log_dev_50f:
 0.00000000000 0.00000000000 0.00000000000 0.00000000000 0.00000000000 0.00000000000 0.00000000000 0.00000000000 0.00000000000 0.00000000000 0.00000000000 0.00000000000 0.00000000000 0.00000000000 0.00000000000 0.00000000000 0.00000000000 0.00000000000 0.00000000000 0.00000000000 0.00000000000 0.00000000000 0.00000000000 0.00000000000 0.00000000000
# fish_disc_slope_tf:
0.0798902550441
# fish_disc_sel50_tf:
114.840880310
# srv1_q:
0.625613107797
# srv1_q_f:
0.577333297245
# srv1_sel95:
63.7931648411
# srv1_sel50:
36.5119281951
# srv2_q:
0.453094416390
# srv2_q_f:
0.990070493956
# srv2_sel95:
64.8891113961
# srv2_sel50:
44.3858774924
# srv3_q:
0.662269696330
# srv3_sel95:
60.2717092896
# srv3_sel50:
39.3683256320
# srv3_q_f:
0.999999971291
# srv3_sel95_f:
48.9979214824
# srv3_sel50_f:
37.2527274361
# srvind_q:
0.999995989766
# srvind_q_f:
0.147127093024
# srvind_sel95_f:
47.6283208381
# srvind_sel50_f:
47.5368533139
# srv10ind_q:
0.809964435038
# srv10ind_q_f:
0.999997919490
# srv10ind_sel95_f:
26.4042645794
# srv10ind_sel50_f:
24.1180932646
# selsmo10ind:
 19.9736163844 19.9762992198 19.9790712344 19.9816787763 19.9843506113 19.9867484204 19.9885124410 19.9903846466 19.9918097338 19.9931560788 19.9941485397 19.9948486827 19.9953093323 19.9960170564 19.9964951439 19.9970688039 19.9976814494 19.9978008549 19.9983183856 19.9990869047 19.9998535033 19.9980094742
# selsmo09ind:
 -9.18461814784 -8.13223466533 -7.08034695910 -6.03303492830 -5.00368907770 -4.02592536265 -3.15494728579 -2.46918051687 -2.01483969524 -1.72082898374 -1.51733604826 -1.30933896487 -1.06431601981 -0.870816171315 -0.851710988114 -0.984669570688 -1.13634338101 -1.20222808484 -1.14781836031 -1.00060744106 -0.814469371799 -0.616165322211
# Mmult_imat:
1.08779508931
# Mmult:
1.05233778113
# Mmultf:
1.28124015916
# m_dev_m:
 0.861718138826 0.594068318608 0.285693412177 -0.0808131837113 -0.303365292533 -0.263781340209 -0.0161978913809 0.336213977567 0.680439372384 0.897357034316 0.866592122878 0.694462323096 0.863570718700 1.11987521585 1.29111493067 0.693977091074 0.412165001068 0.280820075969 0.309956441229 0.418589982445 0.450917811582 0.380807218377 0.302469787176 0.283113431946 0.279470093218 0.263452443452 0.193468804871 0.0562512996335 -0.0714142650948 -0.108148757837 -0.105953514769 -0.161129265201 -0.348233815674 -0.696918791829 -1.17698032841 -1.69112306091 -2.17944250846 -2.61289651015 -3.00016652094
# m_dev_f:
 0.712002173866 0.966570444011 1.00206840175 0.661436893599 0.176957498056 -0.223560228455 -0.399153667813 -0.313197404085 -0.0614366420670 0.231084375552 0.439644305274 0.501517561919 0.440768739587 0.343196571324 0.242651824465 0.182091463308 0.138966756515 0.105224945596 0.136052099234 0.210676114628 0.321975938797 0.476565574785 0.621101734694 0.655912638536 0.508252277103 0.242592867206 -0.0148042938970 -0.157050235239 -0.125291810948 0.0790830859520 0.342371044476 0.510941018178 0.430493487057 0.0423639953895 -0.592893985707 -1.31265202575 -1.98246597407 -2.53969936290 -3.00035819993
# cpueq:
0.00120619378341
# proprecn:
1.00000000000
