# Number of parameters = 505 Objective function value = 2178.13604089794  Maximum gradient component = 639.154274327716
# af:
-1.15390000000
# am:
2.04920000000
# bf:
1.33890000000
# bm:
1.22580000000
# bf1:
1.15108525751
# deltaf:
120.000000000
# st_gr:
0.500000000000
# growth_beta:
 0.750000000000 0.750000000000
# matest50f:
45.0000000000
# matestslpf:
0.275000000000
# matest50m:
85.0000000000
# matestslpm:
0.260000000000
# mateste:
 -4.39796018802 -3.94773702779 -3.49847769137 -3.04683292479 -2.60121552978 -2.19008315580 -1.84275994092 -1.57987489062 -1.42194297245 -1.31552972199 -1.25505505309 -1.26920070683 -1.24537320394 -1.03856656104 -0.630687900775 -0.177877153964 -1.67118460306e-05
# matestfe:
 -4.40899175406 -3.40897841166 -2.41384121216 -1.43294604036 -0.549151926086 -0.112526984014 -0.100047328802 -0.0353537895434
# moltp_af:
2.00000000000
# moltp_bf:
150.000000000
# moltp_am:
1.52000000000
# moltp_bm:
215.000000000
# moltp_ammat:
0.0500000000000
# moltp_bmmat:
105.000000000
# mean_log_rec_f:
14.0008813796
# mean_log_rec_m:
13.7935425432
# rec_devf:
 -1.45507156225 -1.37056453009 -0.189541720331 1.36088903506 0.318413147626 -0.349300087798 -0.687785655706 0.110941882128 0.455897059305 1.24034627719 1.50175523657 1.55602616310 -0.147005169800 -0.369936451633 -0.373651348159 -0.0245329175721 0.0438281369421 -0.686526915922 -0.813815092543 -1.07481598451 -0.392632541699 0.702762234681 0.430819565626 0.289831853009 -0.409121572112 -0.642954128184 0.230734405694 0.475965196076 -0.394581244680 -0.224007560267 -0.279854378694 -0.612567210133 0.178623805271 1.12732213627 0.644343637153 -0.0456949677309 -0.113265308948 0.129324680136 -0.140598103070
# rec_devm:
 -0.148485874987 0.113762039718 0.623653869100 1.16982443563 1.01514847500 1.77644562800 -1.18727472509 -0.316051280420 0.315461337513 3.09438131111 0.0740775918983 1.51232322084 -0.507684630292 -0.857754475146 -0.812150242308 0.967784396305 -0.0255692077423 -0.726373820779 -0.860550568881 0.0997895132961 0.934814177019 0.598898464187 0.462008617729 -0.183332207135 -2.03975879744 -1.45569073141 0.130601774385 -1.07838412990 -1.49137294450 -1.41482391561 -1.30134787876 -0.424950529268 0.406298951206 1.00916980872 0.483893246917 0.0292152660759 -0.123326768700 0.186319471815 -0.0489888681076
# alpha1_rec:
11.5000000000
# beta_rec:
4.00000000000
# mnatlen_styr:
 12.8887659830 12.4155827779 11.9950668876 11.7713489501 12.2077305851 12.3151300797 12.0827891561 11.5898110246 11.3223815809 11.3143289596 11.1926639545 11.0471325577 11.0994784268 10.3216628375 9.02828040547 8.00251429226 7.18522113408 6.52348651759 6.03979754523 5.76824880893 5.53530399947 5.38934269206
 2.05234774425 3.39223789652 4.72496188325 6.05033457770 7.37042692764 8.67403876249 9.83190055530 10.7455929174 11.3839599289 11.7744031261 11.9790137501 12.0568133877 12.0455831709 11.9359556810 11.6736131400 11.2260927050 10.5413924988 9.67469032301 8.67656619913 7.60452333172 6.50268444984 5.39309671927
# fnatlen_styr:
 10.4018989543 10.4352921047 10.7620104107 11.2813270378 12.4584346776 13.4046199720 12.7818122053 11.8699290152 10.8615866358 9.90394324606 9.25574784556 9.04571072707
 10.2724893866 10.4857017627 10.5374485496 11.2838936789 12.4588267597 13.0437207947 12.6638902188 11.7745521282 11.0240374500 10.0391407828 9.45019603264 9.33836633028
# log_avg_fmort:
-0.556359108868
# fmort_dev:
 -0.257007892980 -0.883281500810 -0.247196513723 0.114955287153 0.377923490788 0.951628770589 1.20391457782 1.14887617782 2.10092763304 2.05609786904 1.00556333162 0.195317088605 -0.215387319552 -0.330916881327 -0.399263806105 -0.0725614285340 0.168535944878 -1.07306861622 -0.694001767908 0.302340789306 -0.189168980244 -0.864100478396 -0.832549339047 -0.168228610780 -0.182699179117 -0.000499035206021 -0.395179940670 -0.722803951908 -0.540096674975 0.392722422778 0.853750675558 0.954555695134 1.34857069653 1.26943789050 0.755626544905 0.398819551723 -2.54078756426 -4.99076495602
# log_avg_fmortdf:
-6.61305104648
# fmortdf_dev:
 0.126649629421 -0.0149142467509 -0.294772465973 0.0712717595640 0.0168425779197 -0.121002344500 -0.240673307649 0.0586580422176 0.0280898013522 0.0591018856125 0.546511676977 0.0598558478758 -0.342651060210 -0.715794412126 -0.309131404075 -0.536415400251 -0.396658194021 0.000831637115766 -0.221078483104 -0.273449459047 0.272052764425 -0.0749341997672 -0.130708043854 0.200669146710 -0.0891495752094 -0.0713661077561 -0.253969813728 -0.0410126046412 -0.433462890341 1.64638383464 -0.0408187071706 0.240599235632 1.97815923792 0.246693931736 -0.153557984908 -0.164329527276 -0.231910050497 -0.400610726264
# log_avg_fmortt:
-5.29788150492
# fmortt_dev_era1:
 0.302297087655 0.337990686639 0.217432369280 0.0664952684932 -0.429869126347 -0.449435108036 -0.476804810578 -0.445527546835 0.0931298144092 0.784291365319
# fmortt_dev_era2:
 1.13448289124 0.716205771101 1.42879707260 0.264408895742 -0.414080007025 -0.421496593234 -0.354650974099 0.0742673593319 -0.0300302117029 0.0574366007833 -0.312214172952 0.226546665534 0.554505071266 0.157248306765 0.176443293211 -0.273347611660 -0.483281140901 -0.0431992846771 -0.471438288559 -0.325485176930 -0.144688222358 -0.283783985767 -0.243560947848 -0.247555645757 0.0375481828739 -0.318113825944 -0.171093119161 -0.289870901871
# discard_mult:
1.00000000000
# Fem_F_prop_constant:
0.500000050000
# log_avg_sel50_mn:
4.65640844561
# log_sel50_dev_mn:
 0.00000000000 0.00000000000 0.00000000000 0.00000000000 0.00000000000 0.00000000000 0.00000000000 0.00000000000 0.00000000000 0.00000000000 0.00000000000 0.00000000000 0.00000000000 0.00000000000 0.00000000000 0.00000000000 0.00000000000 0.00000000000 0.00000000000 0.00000000000 0.00000000000 0.00000000000 0.00000000000 0.00000000000 0.00000000000 0.00000000000 0.00000000000 0.00000000000 0.00000000000 0.00000000000 0.00000000000 0.00000000000 0.00000000000 0.00000000000 0.00000000000 0.00000000000 0.00000000000 0.00000000000 0.00000000000
# log_avg_sel50_mo:
4.50000000000
# log_sel50_dev_mo:
 0.00000000000 0.00000000000 0.00000000000 0.00000000000 0.00000000000 0.00000000000 0.00000000000 0.00000000000 0.00000000000 0.00000000000 0.00000000000 0.00000000000 0.00000000000 0.00000000000 0.00000000000 0.00000000000 0.00000000000 0.00000000000 0.00000000000 0.00000000000 0.00000000000 0.00000000000 0.00000000000 0.00000000000 0.00000000000 0.00000000000 0.00000000000 0.00000000000 0.00000000000 0.00000000000 0.00000000000 0.00000000000 0.00000000000 0.00000000000 0.00000000000 0.00000000000 0.00000000000 0.00000000000 0.00000000000
# fish_slope_mn:
0.206188171033
# fish_slope_mo:
0.450000000000
# fish_fit_slope_mn:
0.453518412515
# fish_fit_sel50_mn:
96.3867701182
# fish_fit_slope_mo:
0.275000000000
# fish_fit_sel50_mo:
100.000000000
# fish_slope_mo2:
1.95000000000
# fish_sel50_mo2:
159.500000000
# fish_slope_mn2:
1.00500000000
# fish_sel50_mn2:
130.000000000
# fish_disc_slope_f:
0.262745046097
# fish_disc_sel50_f:
4.23199729539
# log_dev_50f:
 0.00000000000 0.00000000000 0.00000000000 0.00000000000 0.00000000000 0.00000000000 0.00000000000 0.00000000000 0.00000000000 0.00000000000 0.00000000000 0.00000000000 0.00000000000 0.00000000000 0.00000000000 0.00000000000 0.00000000000 0.00000000000 0.00000000000 0.00000000000 0.00000000000 0.00000000000 0.00000000000 0.00000000000 0.00000000000
# fish_disc_slope_tf:
0.0890919225601
# fish_disc_sel50_tf:
108.795319414
# srv1_q:
0.625613107797
# srv1_q_f:
0.577333297245
# srv1_sel95:
63.7931648411
# srv1_sel50:
36.5119281951
# srv2_q:
0.461441077759
# srv2_q_f:
0.820975965450
# srv2_sel95:
58.9928033332
# srv2_sel50:
41.9695665678
# srv3_q:
 0.657028114807 0.615698431922 0.632583769176 0.560068546906 0.343581185974 0.247191264315 0.215841497863 0.240716923590 0.285409956441 0.343371590573 0.327517760041 0.305158542635 0.533270504765 0.774480883527 0.642546075331 0.515370211133 0.535679097267 0.663665741032 0.618008779398 0.559252854250 0.502164530976 0.498966694846 0.637645378356 0.851034805242 0.942866388164 0.952316536350 0.999997678992 0.941307312744 0.849005288816 0.801190780914 0.747290141178 0.675773106798 0.620079458207
# srv3_sel95:
62.8417554588
# srv3_sel50:
40.8744178950
# srv3_q_f:
 0.953842032088 0.999999915164 0.999999741980 0.999993033291 0.637299941872 0.403664734490 0.286905227290 0.266167448502 0.203168384565 0.241162725989 0.288122585898 0.217985322017 0.893512193679 0.820653071211 0.613600803166 0.954795228156 0.999999924107 0.831865590471 0.487427770963 0.425431799051 0.347939256528 0.601109187309 0.600067856139 0.979765517106 0.993084209463 0.999999827556 0.999999768472 0.999996253217 0.679864044634 0.664116610598 0.660503684641 0.394398813688 0.591882177010
# srv3_sel95_f:
49.4795940022
# srv3_sel50_f:
37.8322730657
# srvind_q:
0.999999012132
# srvind_q_f:
0.0513903499127
# srvind_sel95_f:
62.5900765912
# srvind_sel50_f:
62.5900765920
# srv10ind_q:
0.793435538783
# srv10ind_q_f:
0.913658574128
# srv10ind_sel95_f:
26.4042645794
# srv10ind_sel50_f:
24.1180932646
# selsmo10ind:
 19.9082843572 19.9570900760 19.9701620604 19.9317930141 19.9443638589 19.9329560146 19.9372451061 19.9625561272 19.9992217534 19.9834183833 19.9997985541 19.9950743283 19.9981429252 19.9999990116 19.9995767085 19.9948231988 19.9965733202 19.9770427924 19.9430908850 19.9790726633 19.9963359722 19.9723309625
# selsmo09ind:
 -8.98972261761 -7.93880254679 -6.88376036892 -5.82675257263 -4.78162372056 -3.78479206835 -2.90173658475 -2.21227395858 -1.75838949311 -1.46295974997 -1.25587484806 -1.05267467582 -0.826378386257 -0.668069549813 -0.700045004736 -0.887759411948 -1.09719920931 -1.21080673091 -1.19168343543 -1.08145311176 -0.932849434034 -0.778017328534
# Mmult_imat:
1.12769853296
# Mmult:
1.05941948570
# Mmultf:
1.20307238675
# m_dev_m:
 0.854701831446 0.0677096888137 -0.711862463855 -1.40436792939 -1.88393676422 -2.11771355032 -2.14516580715 -2.01499133118 -1.73135214599 -1.31529273067 -0.779424417125 -0.157084355917 0.585514700990 1.21600129541 1.55281468005 1.22703770756 1.33575649241 1.37581414723 1.40027572736 1.35203896438 1.15927988062 0.907699923108 0.694914313672 0.574283016794 0.527733315110 0.557394358927 0.595720494243 0.533735962943 0.386583879454 0.256110377485 0.144873588465 0.0185036947940 -0.134966965468 -0.312080205702 -0.494800480867 -0.599103865758 -0.607253167954 -0.522390979741 -0.392710879938
# m_dev_f:
 0.944697859884 1.25481258582 1.35744608820 1.05103682276 0.518272062956 -0.0488827037316 -0.525033639450 -0.859220396202 -1.07113618383 -1.16310307119 -1.12734828906 -0.963231354352 -0.676951036375 -0.297590842428 0.116784343867 0.504508976636 0.786874385998 0.928206770557 0.951119062892 0.890875832798 0.794459091964 0.674553838320 0.548094372678 0.413471206117 0.268918153604 0.134712723294 0.0638069428467 0.0772113776498 0.188679284486 0.392093568444 0.606484333579 0.727946407550 0.643117510203 0.289441263021 -0.299973105898 -1.00603796112 -1.71410027137 -2.37495804681 -3.00005796431
# cpueq:
0.00100221781653
# proprecn:
1.00000000000
