ParName   Value   Gradient
mateste(1)     -4.39796    -0.803322
mateste(2)     -3.94774      5.25007
mateste(3)     -3.49848     -1.43755
mateste(4)     -3.04683      11.8505
mateste(5)     -2.60122      27.1045
mateste(6)     -2.19008      37.9616
mateste(7)     -1.84276      62.8477
mateste(8)     -1.57987      85.9959
mateste(9)     -1.42194      89.6537
mateste(10)     -1.31553       100.68
mateste(11)     -1.25506      95.3573
mateste(12)      -1.2692      88.2482
mateste(13)     -1.24537      89.5564
mateste(14)     -1.03857      83.7008
mateste(15)    -0.630688      84.0332
mateste(16)    -0.177877      51.8632
mateste(17) -1.67118e-05     -4.21291
matestfe(1)     -4.40899     -2.03515
matestfe(2)     -3.40898      1.23615
matestfe(3)     -2.41384      1.35522
matestfe(4)     -1.43295       2.4266
matestfe(5)    -0.549152     0.120076
matestfe(6)    -0.112527    -0.667878
matestfe(7)    -0.100047   -0.0949955
matestfe(8)   -0.0353538      2.46267
mean_log_rec_f      14.0009     -5.13751
mean_log_rec_m      13.7935      -196.23
rec_devf(1982)     -1.45507     -1.50549
rec_devf(1983)     -1.37056     0.367995
rec_devf(1984)    -0.189542      2.65534
rec_devf(1985)      1.36089      6.56646
rec_devf(1986)     0.318413       5.4654
rec_devf(1987)      -0.3493     0.722917
rec_devf(1988)    -0.687786      8.79508
rec_devf(1989)     0.110942      2.03428
rec_devf(1990)     0.455897    -0.581732
rec_devf(1991)      1.24035      3.13124
rec_devf(1992)      1.50176     -3.02373
rec_devf(1993)      1.55603    -0.745345
rec_devf(1994)    -0.147005     -3.72153
rec_devf(1995)    -0.369936     -3.09952
rec_devf(1996)    -0.373651     -7.18163
rec_devf(1997)   -0.0245329     -4.56508
rec_devf(1998)    0.0438281     -10.8539
rec_devf(1999)    -0.686527     -10.4624
rec_devf(2000)    -0.813815      -7.7104
rec_devf(2001)     -1.07482     -2.35257
rec_devf(2002)    -0.392633      -3.3777
rec_devf(2003)     0.702762     -4.90289
rec_devf(2004)      0.43082      -4.1594
rec_devf(2005)     0.289832       3.2454
rec_devf(2006)    -0.409122     -1.62085
rec_devf(2007)    -0.642954     -2.87401
rec_devf(2008)     0.230734      -7.4312
rec_devf(2009)     0.475965     -13.5749
rec_devf(2010)    -0.394581     -2.72307
rec_devf(2011)    -0.224008     0.371215
rec_devf(2012)    -0.279854      1.19548
rec_devf(2013)    -0.612567      4.18981
rec_devf(2014)     0.178624      3.86377
rec_devf(2015)      1.12732      5.54426
rec_devf(2016)     0.644344      2.37548
rec_devf(2017)    -0.045695      8.50149
rec_devf(2018)    -0.113265     0.501694
rec_devf(2019)     0.129325      8.47834
rec_devf(2020)    -0.140598     -4.36331
rec_devm(1982)    -0.148486     -458.398
rec_devm(1983)     0.113762     -330.466
rec_devm(1984)     0.623654     -151.302
rec_devm(1985)      1.16982     -501.106
rec_devm(1986)      1.01515     -457.329
rec_devm(1987)      1.77645     -629.351
rec_devm(1988)     -1.18727      94.0114
rec_devm(1989)    -0.316051      92.9891
rec_devm(1990)     0.315461     -3.32961
rec_devm(1991)      3.09438     -225.373
rec_devm(1992)    0.0740776      143.022
rec_devm(1993)      1.51232      36.3376
rec_devm(1994)    -0.507685      61.9423
rec_devm(1995)    -0.857754      96.2661
rec_devm(1996)     -0.81215      100.683
rec_devm(1997)     0.967784      136.703
rec_devm(1998)   -0.0255692       89.244
rec_devm(1999)    -0.726374       128.49
rec_devm(2000)    -0.860551      157.591
rec_devm(2001)    0.0997895      267.307
rec_devm(2002)     0.934814      276.321
rec_devm(2003)     0.598898      53.6816
rec_devm(2004)     0.462009      63.1986
rec_devm(2005)    -0.183332      108.382
rec_devm(2006)     -2.03976      35.0875
rec_devm(2007)     -1.45569      27.6858
rec_devm(2008)     0.130602     -349.893
rec_devm(2009)     -1.07838     -49.3346
rec_devm(2010)     -1.49137      29.0232
rec_devm(2011)     -1.41482        113.2
rec_devm(2012)     -1.30135      85.0239
rec_devm(2013)    -0.424951      102.579
rec_devm(2014)     0.406299       111.69
rec_devm(2015)      1.00917      113.566
rec_devm(2016)     0.483893      111.861
rec_devm(2017)    0.0292153      120.002
rec_devm(2018)    -0.123327      111.546
rec_devm(2019)     0.186319      125.953
rec_devm(2020)   -0.0489889      114.808
mnatlen_styr(1,1)      12.8888     -38.9307
mnatlen_styr(1,2)      12.4156     -57.5666
mnatlen_styr(1,3)      11.9951      -75.861
mnatlen_styr(1,4)      11.7713     -118.983
mnatlen_styr(1,5)      12.2077     -144.245
mnatlen_styr(1,6)      12.3151     -155.322
mnatlen_styr(1,7)      12.0828     -152.419
mnatlen_styr(1,8)      11.5898     -146.864
mnatlen_styr(1,9)      11.3224     -152.791
mnatlen_styr(1,10)      11.3143     -150.004
mnatlen_styr(1,11)      11.1927     -115.255
mnatlen_styr(1,12)      11.0471     -115.253
mnatlen_styr(1,13)      11.0995     -129.445
mnatlen_styr(1,14)      10.3217     -76.9851
mnatlen_styr(1,15)      9.02828     -26.5895
mnatlen_styr(1,16)      8.00251     -5.44364
mnatlen_styr(1,17)      7.18522     -1.00432
mnatlen_styr(1,18)      6.52349     -4.56494
mnatlen_styr(1,19)       6.0398     -8.08236
mnatlen_styr(1,20)      5.76825      1.80338
mnatlen_styr(1,21)       5.5353    -0.399178
mnatlen_styr(1,22)      5.38934     -3.59792
mnatlen_styr(2,1)      2.05235     -3.63961
mnatlen_styr(2,2)      3.39224      3.80714
mnatlen_styr(2,3)      4.72496      1.65448
mnatlen_styr(2,4)      6.05033     -2.34587
mnatlen_styr(2,5)      7.37043      3.32575
mnatlen_styr(2,6)      8.67404      3.84317
mnatlen_styr(2,7)       9.8319    -0.216441
mnatlen_styr(2,8)      10.7456     -6.79899
mnatlen_styr(2,9)       11.384       3.5576
mnatlen_styr(2,10)      11.7744     -2.97291
mnatlen_styr(2,11)       11.979     -6.88545
mnatlen_styr(2,12)      12.0568      1.24016
mnatlen_styr(2,13)      12.0456      3.79968
mnatlen_styr(2,14)       11.936     -13.9514
mnatlen_styr(2,15)      11.6736     -43.3361
mnatlen_styr(2,16)      11.2261     -68.7646
mnatlen_styr(2,17)      10.5414     -60.3958
mnatlen_styr(2,18)      9.67469     -15.9451
mnatlen_styr(2,19)      8.67657     -8.18546
mnatlen_styr(2,20)      7.60452     -5.15124
mnatlen_styr(2,21)      6.50268    -0.836675
mnatlen_styr(2,22)       5.3931    -0.907471
fnatlen_styr(1,1)      10.4019      3.68907
fnatlen_styr(1,2)      10.4353     -1.40036
fnatlen_styr(1,3)       10.762       1.8059
fnatlen_styr(1,4)      11.2813     0.543747
fnatlen_styr(1,5)      12.4584      1.72031
fnatlen_styr(1,6)      13.4046      1.17704
fnatlen_styr(1,7)      12.7818    -0.202994
fnatlen_styr(1,8)      11.8699      1.95836
fnatlen_styr(1,9)      10.8616       1.1141
fnatlen_styr(1,10)      9.90394      2.14011
fnatlen_styr(1,11)      9.25575     -4.86325
fnatlen_styr(1,12)      9.04571        1.194
fnatlen_styr(2,1)      10.2725     -4.13679
fnatlen_styr(2,2)      10.4857      11.1836
fnatlen_styr(2,3)      10.5374     -9.88559
fnatlen_styr(2,4)      11.2839      5.53535
fnatlen_styr(2,5)      12.4588      3.16188
fnatlen_styr(2,6)      13.0437     -7.38291
fnatlen_styr(2,7)      12.6639      2.73982
fnatlen_styr(2,8)      11.7746     -2.17462
fnatlen_styr(2,9)       11.024      6.49004
fnatlen_styr(2,10)      10.0391     -1.48519
fnatlen_styr(2,11)       9.4502     -4.62409
fnatlen_styr(2,12)      9.33837      7.20557
log_avg_fmort    -0.556359     -49.1991
fmort_dev(1982)    -0.257008      31.4625
fmort_dev(1983)    -0.883282      65.3579
fmort_dev(1984)    -0.247197      63.5442
fmort_dev(1985)     0.114955      125.665
fmort_dev(1986)     0.377923     -160.699
fmort_dev(1987)     0.951629      -133.05
fmort_dev(1988)      1.20391     -92.4317
fmort_dev(1989)      1.14888     -143.869
fmort_dev(1990)      2.10093          235
fmort_dev(1991)       2.0561     -57.3206
fmort_dev(1992)      1.00556      -57.565
fmort_dev(1993)     0.195317     -21.9886
fmort_dev(1994)    -0.215387     -82.8398
fmort_dev(1995)    -0.330917      74.2942
fmort_dev(1996)    -0.399264      -86.577
fmort_dev(1997)   -0.0725614     -146.327
fmort_dev(1998)     0.168536      227.973
fmort_dev(1999)     -1.07307     -42.2652
fmort_dev(2000)    -0.694002     -23.2882
fmort_dev(2001)     0.302341      -22.771
fmort_dev(2002)    -0.189169       31.342
fmort_dev(2003)      -0.8641      19.1664
fmort_dev(2004)    -0.832549     -7.98329
fmort_dev(2005)    -0.168229     -14.5091
fmort_dev(2006)    -0.182699      11.6499
fmort_dev(2007) -0.000499035      97.2182
fmort_dev(2008)     -0.39518      49.7518
fmort_dev(2009)    -0.722804      1.23241
fmort_dev(2010)    -0.540097      6.18459
fmort_dev(2011)     0.392722       85.596
fmort_dev(2012)     0.853751      46.1246
fmort_dev(2013)     0.954556      16.0542
fmort_dev(2014)      1.34857     -43.2262
fmort_dev(2015)      1.26944     -7.84661
fmort_dev(2016)     0.755627      18.7409
fmort_dev(2017)      0.39882     -4.60105
fmort_dev(2018)     -2.54079      10.5869
fmort_dev(2019)     -4.99076     0.779998
log_avg_fmortdf     -6.61305      -1.0805
fmortdf_dev(1982)      0.12665      10.1373
fmortdf_dev(1983)   -0.0149142      2.29795
fmortdf_dev(1984)    -0.294772     -11.3765
fmortdf_dev(1985)    0.0712718      5.93903
fmortdf_dev(1986)    0.0168426      2.35871
fmortdf_dev(1987)    -0.121002     -7.06218
fmortdf_dev(1988)    -0.240673     -11.9884
fmortdf_dev(1989)     0.058658      5.98365
fmortdf_dev(1990)    0.0280898      3.56015
fmortdf_dev(1991)    0.0591019       2.9395
fmortdf_dev(1992)     0.546512     0.661115
fmortdf_dev(1993)    0.0598558      2.38056
fmortdf_dev(1994)    -0.342651      -4.5217
fmortdf_dev(1995)    -0.715794      1.03432
fmortdf_dev(1996)    -0.309131     0.713242
fmortdf_dev(1997)    -0.536415      5.20876
fmortdf_dev(1998)    -0.396658     -4.42277
fmortdf_dev(1999)  0.000831637      12.7766
fmortdf_dev(2000)    -0.221078     -4.96739
fmortdf_dev(2001)    -0.273449     -8.76209
fmortdf_dev(2002)     0.272053      17.2819
fmortdf_dev(2003)   -0.0749342     0.105567
fmortdf_dev(2004)    -0.130708     -2.55498
fmortdf_dev(2005)     0.200669      15.8278
fmortdf_dev(2006)   -0.0891496      3.70907
fmortdf_dev(2007)   -0.0713661      4.62582
fmortdf_dev(2008)     -0.25397     -4.82157
fmortdf_dev(2009)   -0.0410126      7.36644
fmortdf_dev(2010)    -0.433463     -15.1225
fmortdf_dev(2011)      1.64638    -0.822903
fmortdf_dev(2012)   -0.0408187    -0.583314
fmortdf_dev(2013)     0.240599     0.671079
fmortdf_dev(2014)      1.97816      5.73428
fmortdf_dev(2015)     0.246694      1.37197
fmortdf_dev(2016)    -0.153558     -5.02785
fmortdf_dev(2017)     -0.16433    -0.982705
fmortdf_dev(2018)     -0.23191      4.85037
fmortdf_dev(2019)    -0.400611      2.84634
log_avg_fmortt     -5.29788      9.83656
fmortt_dev_era1(1982)     0.302297      1.66693
fmortt_dev_era1(1983)     0.337991      5.84068
fmortt_dev_era1(1984)     0.217432      5.47682
fmortt_dev_era1(1985)    0.0664953      6.78277
fmortt_dev_era1(1986)    -0.429869      3.76807
fmortt_dev_era1(1987)    -0.449435     -1.03504
fmortt_dev_era1(1988)    -0.476805     -2.06694
fmortt_dev_era1(1989)    -0.445528    -0.969286
fmortt_dev_era1(1990)    0.0931298    -0.880812
fmortt_dev_era1(1991)     0.784291      2.93076
fmortt_dev_era2(1992)      1.13448      1.22916
fmortt_dev_era2(1993)     0.716206     0.822276
fmortt_dev_era2(1994)       1.4288        8.061
fmortt_dev_era2(1995)     0.264409      2.54898
fmortt_dev_era2(1996)     -0.41408     0.809802
fmortt_dev_era2(1997)    -0.421497     -1.58605
fmortt_dev_era2(1998)    -0.354651     -2.60541
fmortt_dev_era2(1999)    0.0742674      3.81096
fmortt_dev_era2(2000)   -0.0300302      -11.479
fmortt_dev_era2(2001)    0.0574366      1.00567
fmortt_dev_era2(2002)    -0.312214      -6.4009
fmortt_dev_era2(2003)     0.226547    -0.942239
fmortt_dev_era2(2004)     0.554505     -6.02958
fmortt_dev_era2(2005)     0.157248      22.8947
fmortt_dev_era2(2006)     0.176443      1.06315
fmortt_dev_era2(2007)    -0.273348      7.64687
fmortt_dev_era2(2008)    -0.483281     -2.31661
fmortt_dev_era2(2009)   -0.0431993    -0.865202
fmortt_dev_era2(2010)    -0.471438      2.52539
fmortt_dev_era2(2011)    -0.325485      3.90044
fmortt_dev_era2(2012)    -0.144688    -0.167126
fmortt_dev_era2(2013)    -0.283784     -2.16413
fmortt_dev_era2(2014)    -0.243561     -1.58928
fmortt_dev_era2(2015)    -0.247556     -3.14126
fmortt_dev_era2(2016)    0.0375482      12.7695
fmortt_dev_era2(2017)    -0.318114      -3.4563
fmortt_dev_era2(2018)    -0.171093     -2.97432
fmortt_dev_era2(2019)    -0.289871     0.371261
Fem_F_prop_constant          0.5            0
log_avg_sel50_mn      4.65641      257.982
fish_slope_mn     0.206188     -1.75766
fish_fit_slope_mn     0.453518     -3.79999
fish_fit_sel50_mn      96.3868      102.896
fish_disc_slope_f     0.262745    -0.254966
fish_disc_sel50_f        4.232      2.55748
fish_disc_slope_tf    0.0890919    -0.575066
fish_disc_sel50_tf      108.795     -4.23375
srv2_q     0.461441     -1.48292
srv2_q_f     0.820976     0.919921
srv2_sel95      58.9928     -2.56364
srv2_sel50      41.9696      1.46804
srv3_q(1988)     0.657028     0.104764
srv3_q(1989)     0.615698     0.451357
srv3_q(1990)     0.632584      1.20168
srv3_q(1991)     0.560069     -3.08748
srv3_q(1992)     0.343581      1.43987
srv3_q(1993)     0.247191      1.12783
srv3_q(1994)     0.215841     0.345127
srv3_q(1995)     0.240717   -0.0989899
srv3_q(1996)      0.28541       2.0927
srv3_q(1997)     0.343372    -0.551176
srv3_q(1998)     0.327518     0.128305
srv3_q(1999)     0.305159      1.19128
srv3_q(2000)     0.533271     -0.75634
srv3_q(2001)     0.774481      3.26074
srv3_q(2002)     0.642546     -1.65606
srv3_q(2003)      0.51537     0.440231
srv3_q(2004)     0.535679    -0.595844
srv3_q(2005)     0.663666      1.40214
srv3_q(2006)     0.618009     0.453936
srv3_q(2007)     0.559253     -2.03724
srv3_q(2008)     0.502165    -0.109665
srv3_q(2009)     0.498967      1.84784
srv3_q(2010)     0.637645     -2.53473
srv3_q(2011)     0.851035    -0.149037
srv3_q(2012)     0.942866      1.18571
srv3_q(2013)     0.952317    -0.367289
srv3_q(2014)     0.999998   -0.0157988
srv3_q(2015)     0.941307    0.0150032
srv3_q(2016)     0.849005    -0.235226
srv3_q(2017)     0.801191    -0.637413
srv3_q(2018)      0.74729      1.05081
srv3_q(2019)     0.675773      -1.2157
srv3_q(2020)     0.620079     0.397184
srv3_sel95      62.8418      0.12897
srv3_sel50      40.8744     -1.92732
srv3_q_f(1988)     0.953842    0.0244268
srv3_q_f(1989)            1 -0.000436428
srv3_q_f(1990)            1   0.00136941
srv3_q_f(1991)     0.999993 -6.23505e-05
srv3_q_f(1992)       0.6373   -0.0438115
srv3_q_f(1993)     0.403665      1.50618
srv3_q_f(1994)     0.286905      1.18132
srv3_q_f(1995)     0.266167     -3.62843
srv3_q_f(1996)     0.203168     -2.51696
srv3_q_f(1997)     0.241163     0.419994
srv3_q_f(1998)     0.288123    0.0664499
srv3_q_f(1999)     0.217985    -0.425685
srv3_q_f(2000)     0.893512    -0.166053
srv3_q_f(2001)     0.820653    -0.740501
srv3_q_f(2002)     0.613601     -0.79698
srv3_q_f(2003)     0.954795     0.101987
srv3_q_f(2004)            1    0.0050641
srv3_q_f(2005)     0.831866   -0.0444928
srv3_q_f(2006)     0.487428     -1.16144
srv3_q_f(2007)     0.425432      1.44568
srv3_q_f(2008)     0.347939     -1.97674
srv3_q_f(2009)     0.601109       1.0817
srv3_q_f(2010)     0.600068     0.778698
srv3_q_f(2011)     0.979766     0.207932
srv3_q_f(2012)     0.993084    0.0810802
srv3_q_f(2013)            1  0.000980168
srv3_q_f(2014)            1 -0.000925105
srv3_q_f(2015)     0.999996    0.0129611
srv3_q_f(2016)     0.679864     0.850134
srv3_q_f(2017)     0.664117     0.227566
srv3_q_f(2018)     0.660504  6.00907e-07
srv3_q_f(2019)     0.394399 -2.35313e-06
srv3_q_f(2020)     0.591882  -7.9713e-08
srv3_sel95_f      49.4796     0.386371
srv3_sel50_f      37.8323     -2.97922
srvind_q     0.999999   0.00168724
srvind_q_f    0.0513903    -0.925514
srvind_sel95_f      62.5901  4.27954e-11
srvind_sel50_f      62.5901  3.78168e-09
srv10ind_q     0.793436     -1.07938
srv10ind_q_f     0.913659      0.22275
selsmo10ind(1)      19.9083      1.07387
selsmo10ind(2)      19.9571     0.411908
selsmo10ind(3)      19.9702     -2.02572
selsmo10ind(4)      19.9318      4.59622
selsmo10ind(5)      19.9444     -2.68342
selsmo10ind(6)       19.933    -0.882876
selsmo10ind(7)      19.9372    -0.372821
selsmo10ind(8)      19.9626      -1.0406
selsmo10ind(9)      19.9992      -0.4115
selsmo10ind(10)      19.9834     -1.76427
selsmo10ind(11)      19.9998     0.115901
selsmo10ind(12)      19.9951     0.264252
selsmo10ind(13)      19.9981   -0.0339953
selsmo10ind(14)           20  0.000152344
selsmo10ind(15)      19.9996   -0.0263536
selsmo10ind(16)      19.9948     0.276026
selsmo10ind(17)      19.9966    -0.201465
selsmo10ind(18)       19.977     -1.16617
selsmo10ind(19)      19.9431      4.09728
selsmo10ind(20)      19.9791    -0.949753
selsmo10ind(21)      19.9963    -0.383759
selsmo10ind(22)      19.9723      0.68173
selsmo09ind(1)     -8.98972      1.29676
selsmo09ind(2)      -7.9388     -0.76497
selsmo09ind(3)     -6.88376    -0.666958
selsmo09ind(4)     -5.82675    -0.622185
selsmo09ind(5)     -4.78162     -2.39339
selsmo09ind(6)     -3.78479       1.9564
selsmo09ind(7)     -2.90174   -0.0446843
selsmo09ind(8)     -2.21227      1.13921
selsmo09ind(9)     -1.75839     0.446664
selsmo09ind(10)     -1.46296    -0.219675
selsmo09ind(11)     -1.25587      1.39381
selsmo09ind(12)     -1.05267     -2.01358
selsmo09ind(13)    -0.826378     -1.52593
selsmo09ind(14)     -0.66807      3.44474
selsmo09ind(15)    -0.700045     -3.20323
selsmo09ind(16)    -0.887759       6.6183
selsmo09ind(17)      -1.0972    -0.194704
selsmo09ind(18)     -1.21081     -1.97227
selsmo09ind(19)     -1.19168      6.97985
selsmo09ind(20)     -1.08145     -1.75392
selsmo09ind(21)    -0.932849      2.86513
selsmo09ind(22)    -0.778017     -2.40221
Mmult_imat       1.1277      490.698
Mmult      1.05942      104.141
Mmultf      1.20307      5.91468
m_dev_m(1982)     0.854702      45.5013
m_dev_m(1983)    0.0677097      48.9771
m_dev_m(1984)    -0.711862      25.0342
m_dev_m(1985)     -1.40437      10.0503
m_dev_m(1986)     -1.88394      5.90831
m_dev_m(1987)     -2.11771     -4.34302
m_dev_m(1988)     -2.14517     -7.79513
m_dev_m(1989)     -2.01499     -3.31032
m_dev_m(1990)     -1.73135     -4.80777
m_dev_m(1991)     -1.31529     0.150723
m_dev_m(1992)    -0.779424     -5.26284
m_dev_m(1993)    -0.157084     -2.75974
m_dev_m(1994)     0.585515       3.4318
m_dev_m(1995)        1.216     -21.9218
m_dev_m(1996)      1.55281      25.5722
m_dev_m(1997)      1.22704      3.82144
m_dev_m(1998)      1.33576     -43.1771
m_dev_m(1999)      1.37581      33.8886
m_dev_m(2000)      1.40028      15.6868
m_dev_m(2001)      1.35204       2.8581
m_dev_m(2002)      1.15928      -17.973
m_dev_m(2003)       0.9077     -7.02093
m_dev_m(2004)     0.694914     -9.26774
m_dev_m(2005)     0.574283     -15.3234
m_dev_m(2006)     0.527733     -23.1074
m_dev_m(2007)     0.557394     -32.4504
m_dev_m(2008)      0.59572     -9.05201
m_dev_m(2009)     0.533736      -2.9828
m_dev_m(2010)     0.386584       -8.303
m_dev_m(2011)      0.25611      -3.1384
m_dev_m(2012)     0.144874       5.3556
m_dev_m(2013)    0.0185037      5.18129
m_dev_m(2014)    -0.134967      1.74957
m_dev_m(2015)     -0.31208     -7.12152
m_dev_m(2016)      -0.4948      -8.7581
m_dev_m(2017)    -0.599104     -8.94156
m_dev_m(2018)    -0.607253     -10.3496
m_dev_m(2019)    -0.522391     -2.88604
m_dev_m(2020)    -0.392711      3.66715
m_dev_f(1982)     0.944698    -0.514885
m_dev_f(1983)      1.25481     -1.45692
m_dev_f(1984)      1.35745     -2.20635
m_dev_f(1985)      1.05104      -2.0876
m_dev_f(1986)     0.518272    -0.837395
m_dev_f(1987)   -0.0488827     -1.39922
m_dev_f(1988)    -0.525034     -1.39033
m_dev_f(1989)     -0.85922      1.86046
m_dev_f(1990)     -1.07114      1.32719
m_dev_f(1991)      -1.1631    0.0572943
m_dev_f(1992)     -1.12735     0.413469
m_dev_f(1993)    -0.963231     -2.68785
m_dev_f(1994)    -0.676951     -1.99621
m_dev_f(1995)    -0.297591     0.382263
m_dev_f(1996)     0.116784     0.823719
m_dev_f(1997)     0.504509      1.65767
m_dev_f(1998)     0.786874      3.20504
m_dev_f(1999)     0.928207      3.24622
m_dev_f(2000)     0.951119       3.3701
m_dev_f(2001)     0.890876   -0.0268244
m_dev_f(2002)     0.794459     0.471488
m_dev_f(2003)     0.674554     0.426662
m_dev_f(2004)     0.548094       -1.374
m_dev_f(2005)     0.413471    -0.174967
m_dev_f(2006)     0.268918      2.32559
m_dev_f(2007)     0.134713     -2.01791
m_dev_f(2008)    0.0638069    -0.449423
m_dev_f(2009)    0.0772114      3.52391
m_dev_f(2010)     0.188679      1.65179
m_dev_f(2011)     0.392094      2.24459
m_dev_f(2012)     0.606484     -1.99081
m_dev_f(2013)     0.727946     -3.04425
m_dev_f(2014)     0.643118      2.12947
m_dev_f(2015)     0.289441      2.81172
m_dev_f(2016)    -0.299973    -0.099861
m_dev_f(2017)     -1.00604      -4.7248
m_dev_f(2018)      -1.7141     -1.76617
m_dev_f(2019)     -2.37496      3.08218
m_dev_f(2020)     -3.00006     0.183386
cpueq   0.00100222   -0.0517686
