# Number of parameters = 427 Objective function value = -371.076044430753  Maximum gradient component = 108.233133380137
# af:
-1.15390000000
# am:
2.04920000000
# bf:
1.33890000000
# bm:
1.22580000000
# bf1:
1.15108525751
# deltaf:
120.000000000
# st_gr:
0.500000000000
# growth_beta:
 0.750000000000 0.750000000000
# matest50f:
45.0000000000
# matestslpf:
0.275000000000
# matest50m:
85.0000000000
# matestslpm:
0.260000000000
# mateste:
 -4.73150761716 -4.26659059353 -3.80167311522 -3.33720006606 -2.87910591374 -2.45317695224 -2.08997261820 -1.80883507352 -1.63534671439 -1.52438304017 -1.44696435170 -1.41778990560 -1.34616892917 -1.09227949451 -0.635909220361 -0.151701420729 -1.53623336274e-09
# matestfe:
 -4.20458951601 -3.26401619280 -2.32343465839 -1.38886948216 -0.538367382135 -0.111881350422 -0.0983514909947 -0.0424556684063
# moltp_af:
2.00000000000
# moltp_bf:
150.000000000
# moltp_am:
1.52000000000
# moltp_bm:
215.000000000
# moltp_ammat:
0.0500000000000
# moltp_bmmat:
105.000000000
# mean_log_rec_f:
13.9484948211
# mean_log_rec_m:
13.6989104204
# rec_devf:
 -1.71479980956 -0.982775796662 0.000148054673565 1.66121666424 0.634727891714 0.102020794357 -0.530124774007 0.219425243233 0.289103021853 0.855864135975 1.05261379029 0.957730031621 -0.467140933222 -0.783605137903 -0.800485828287 -0.576969828792 -0.295224051063 -0.763397411565 -0.921834489176 -1.04448401854 -0.236925711566 0.794848969334 0.390996672774 0.118454824919 -0.594178049407 -0.636759524158 1.39715925645 0.505737015074 0.00722350968191 0.275342775838 0.669039277259 0.757817221477 -0.101280345016 -0.0886071555274 -0.0733622648034 -0.0520560953537 -0.0242281394216 -0.00122703219759 -2.75453617367e-06
# rec_devm:
 0.737139596120 0.617595236090 0.814655740884 1.40564603870 1.12619187118 1.57595468480 -1.64013877243 -1.26227901641 -0.371262159312 2.42672481350 -0.508206059354 -0.182814798883 -0.982627410922 -1.49510721420 -1.15556329158 0.648837137812 0.0579827424383 -0.901382432632 -0.874869769865 -0.0682887504624 0.973599898782 0.653001688947 0.306030257066 -0.587442526094 -1.53822324224 -1.22339116960 0.363769110293 0.716420639312 0.563529413737 0.0338668400341 0.186472648421 -0.0566728072933 -0.159785076742 -0.127108769603 -0.0549637469252 -0.0136432765863 -0.00298948931669 -0.000665056787502 6.47912495265e-06
# alpha1_rec:
11.5000000000
# beta_rec:
4.00000000000
# mnatlen_styr:
 11.3872456498 11.4733082621 11.6819148460 11.9751745951 12.1916445341 12.1348831345 11.9798293121 11.7852906876 11.7124548562 11.5770867309 11.2453819316 11.1445825558 11.2296769593 10.5372925996 9.25225365359 8.17444244697 7.35957899409 6.76793409776 6.33611036331 6.02193888984 5.81012535958 5.70304049384
 2.06717758635 3.40398108620 4.74077989045 6.07751278916 7.41338388468 8.73798322933 9.90689058489 10.8065410261 11.4028471545 11.7417134235 11.8927389948 11.9226450427 11.8884378838 11.7964549273 11.6019248801 11.2669721617 10.6795134045 9.85532224579 8.86658283555 7.78802909880 6.67275084414 5.54867087613
# fnatlen_styr:
 9.53493781913 9.63141638309 9.95502567148 10.5999792549 11.9439026399 13.0543510178 12.4564826394 11.5173885530 10.5023396309 9.51503351257 8.91725686780 8.64897561158
 9.83913775019 9.93427508780 10.2374993564 10.9802691590 12.3329695632 12.9593908389 12.4680710472 11.5291588342 10.6349092273 9.64063612489 9.00791771023 8.71894817529
# log_avg_fmort:
-0.680366520229
# fmort_dev:
 -0.451892276124 -1.00809444546 -0.282173949757 0.293475843407 0.762189456223 1.38979778719 1.34269952155 1.12141262143 1.94213974532 1.95522336573 1.27815776615 0.650823522639 0.243262978554 -0.0187699941421 -0.326742116557 0.0300794554775 0.0121893394740 -1.42151476771 -1.44222003541 -0.938814490893 -1.08859998560 -1.42546150336 -1.37979858300 -0.810117912380 -0.746840711573 -0.398901523593 -0.737024856550 -1.04284839648 -0.831665750181 0.0115243608816 0.188087488399 0.0718940870232 -0.0275523654175 0.939321251618 0.741536471738 0.194637377250 0.351108770027 0.859472454102
# log_avg_fmortdf:
-6.54783968134
# fmortdf_dev:
 -0.0196769331735 -0.0462181721974 -0.0158395920802 -0.00877489901040 0.0357062468762 0.00353318419063 -0.118628520715 -0.0700198937843 0.00923201074670 0.128012219976 0.793764449984 0.336390096471 0.0475945915419 -0.347234484065 0.0906435988319 -0.330614608515 -0.233862591019 -0.204015376540 -0.166171949643 -0.139237745939 -0.0951132588181 -0.0900426221570 -0.0859024780293 -0.129673678394 -0.202830753259 -0.177937104681 -0.177309458907 -0.149078762414 -0.234060346768 1.13387858705 -0.189132103453 0.150984377609 1.10300024552 0.163235608449 -0.240690934432 -0.210920663932 -0.161622420337 -0.151365864990
# log_avg_fmortt:
-5.57765491403
# fmortt_dev_era1:
 0.139425750176 0.171823137251 0.156996705512 0.106324071092 -0.394605145658 -0.397924704844 -0.468575637621 -0.458574919796 0.184012941221 0.961097802667
# fmortt_dev_era2:
 1.46306343886 1.18416440418 1.93520156488 0.648645436786 -0.227633422154 -0.251684462131 -0.328984649489 -0.0852767084097 -0.0144934801352 -0.0951272354319 -0.311315558992 0.0834385478623 0.379613884515 -0.234047058768 0.0700054591063 -0.402015284414 -0.498268233872 -0.113805089303 -0.508818543024 -0.368079858894 -0.124732760318 -0.278598642198 -0.371124005345 -0.465426536647 -0.443448097718 -0.398478059356 -0.145065716716 -0.0977093328680
# discard_mult:
1.00000000000
# Fem_F_prop_constant:
0.500000050000
# log_avg_sel50_mn:
4.66652354443
# log_sel50_dev_mn:
 0.00000000000 0.00000000000 0.00000000000 0.00000000000 0.00000000000 0.00000000000 0.00000000000 0.00000000000 0.00000000000 0.00000000000 0.00000000000 0.00000000000 0.00000000000 0.00000000000 0.00000000000 0.00000000000 0.00000000000 0.00000000000 0.00000000000 0.00000000000 0.00000000000 0.00000000000 0.00000000000 0.00000000000 0.00000000000 0.00000000000 0.00000000000 0.00000000000 0.00000000000 0.00000000000 0.00000000000 0.00000000000 0.00000000000 0.00000000000 0.00000000000 0.00000000000 0.00000000000 0.00000000000 0.00000000000
# log_avg_sel50_mo:
4.50000000000
# log_sel50_dev_mo:
 0.00000000000 0.00000000000 0.00000000000 0.00000000000 0.00000000000 0.00000000000 0.00000000000 0.00000000000 0.00000000000 0.00000000000 0.00000000000 0.00000000000 0.00000000000 0.00000000000 0.00000000000 0.00000000000 0.00000000000 0.00000000000 0.00000000000 0.00000000000 0.00000000000 0.00000000000 0.00000000000 0.00000000000 0.00000000000 0.00000000000 0.00000000000 0.00000000000 0.00000000000 0.00000000000 0.00000000000 0.00000000000 0.00000000000 0.00000000000 0.00000000000 0.00000000000 0.00000000000 0.00000000000 0.00000000000
# fish_slope_mn:
0.172791003028
# fish_slope_mo:
0.450000000000
# fish_fit_slope_mn:
0.466992538619
# fish_fit_sel50_mn:
96.2372964682
# fish_fit_slope_mo:
0.275000000000
# fish_fit_sel50_mo:
100.000000000
# fish_slope_mo2:
1.95000000000
# fish_sel50_mo2:
159.500000000
# fish_slope_mn2:
1.00500000000
# fish_sel50_mn2:
130.000000000
# fish_disc_slope_f:
0.255931164503
# fish_disc_sel50_f:
4.22163848002
# log_dev_50f:
 0.00000000000 0.00000000000 0.00000000000 0.00000000000 0.00000000000 0.00000000000 0.00000000000 0.00000000000 0.00000000000 0.00000000000 0.00000000000 0.00000000000 0.00000000000 0.00000000000 0.00000000000 0.00000000000 0.00000000000 0.00000000000 0.00000000000 0.00000000000 0.00000000000 0.00000000000 0.00000000000 0.00000000000 0.00000000000
# fish_disc_slope_tf:
0.0798072160140
# fish_disc_sel50_tf:
107.032274250
# srv1_q:
0.625613107797
# srv1_q_f:
0.577333297245
# srv1_sel95:
63.7931648411
# srv1_sel50:
36.5119281951
# srv2_q:
0.424947307825
# srv2_q_f:
0.605266617880
# srv2_sel95:
60.0087565933
# srv2_sel50:
41.3898427266
# srv3_q:
 0.753927512605 0.741076770861 0.808854387588 0.790281040571 0.555803040237 0.470972119060 0.474623564462 0.493972376716 0.459424611583 0.417057038010 0.328453165370 0.227565597144 0.275223943332 0.436352591198 0.353207688367 0.271760374453 0.286499655229 0.426010521349 0.435459612559 0.435544008753 0.390490420915 0.378486055793 0.480023609194 0.558761549891 0.500265642839 0.414644099084 0.521517556420 0.617658800174 0.704853341042 0.784890152733 0.859560701450 0.930655040427 0.999966031833
# srv3_sel95:
56.7704763293
# srv3_sel50:
38.8537828813
# srv3_q_f:
 0.795017694809 0.999999490132 0.999999855845 0.999999458361 0.858182601833 0.675160104592 0.560944160439 0.534703769728 0.418935164668 0.468641759079 0.440084707784 0.306547301124 0.504231332228 0.518744852227 0.390623729306 0.456188659846 0.561207218787 0.545165611483 0.395862823206 0.345644392514 0.341791637676 0.438192159722 0.493625889672 0.698839324256 0.751902325767 0.694059221222 0.595092215892 0.509226393682 0.434282559727 0.368072880064 0.308417573451 0.253131067909 0.200024000630
# srv3_sel95_f:
49.8383090051
# srv3_sel50_f:
38.1846600395
# srvind_q:
0.999996245989
# srvind_q_f:
0.107300474456
# srvind_sel95_f:
54.4450181271
# srvind_sel50_f:
49.7619851096
# srv10ind_q:
0.577626008494
# srv10ind_q_f:
0.725795843373
# srv10ind_sel95_f:
26.4042645794
# srv10ind_sel50_f:
24.1180932646
# selsmo10ind:
 -0.230151467231 0.531410362867 1.30497804561 2.09029664336 2.88786306313 3.69591922024 4.51353233030 5.34113344783 6.17820458797 7.02620262069 7.88510355327 8.75181242041 9.62946496752 10.5168349143 11.4136614034 12.3211058025 13.2381095693 14.1638309138 15.0996171213 16.0455115348 16.9998453529 17.9637451401
# selsmo09ind:
 -9.30445832196 -8.21606518511 -7.12809896859 -6.04424786607 -4.97715439356 -3.95998093852 -3.04879418775 -2.32492926950 -1.83726749125 -1.52060646071 -1.31572735822 -1.14081421412 -0.972466454425 -0.897807061147 -1.02249002523 -1.29017143483 -1.53493045840 -1.65202490231 -1.61669392181 -1.46797568408 -1.27096270612 -1.05917001832
# Mmult_imat:
1.12209101404
# Mmult:
1.11458381681
# Mmultf:
1.34861506564
# cpueq:
0.000694637257781
# proprecn:
1.00000000000
