# Number of parameters = 362 Objective function value = -2824.52087924467  Maximum gradient component = 104.284693174726
# af:
-1.15390000000
# am:
2.04920000000
# bf:
1.33890000000
# bm:
1.22580000000
# bf1:
1.15108525751
# deltaf:
120.000000000
# st_gr:
0.500000000000
# growth_beta:
 0.750000000000 0.750000000000
# matest50f:
45.0000000000
# matestslpf:
0.275000000000
# matest50m:
85.0000000000
# matestslpm:
0.260000000000
# mateste:
 -4.71207143501 -4.26513761429 -3.81820699843 -3.37156972129 -2.93062534844 -2.52112247643 -2.17521986985 -1.91247346713 -1.75815856063 -1.66950998306 -1.61224401040 -1.58979270106 -1.51184113389 -1.24034856154 -0.749607123574 -0.216422629443 -1.08588338321e-09
# matestfe:
 -4.13931279104 -3.21153135907 -2.28374642796 -1.36205149705 -0.519883471208 -0.0901345814484 -0.0741302215210 -0.0341335524969
# moltp_af:
2.00000000000
# moltp_bf:
150.000000000
# moltp_am:
1.52000000000
# moltp_bm:
215.000000000
# moltp_ammat:
0.0500000000000
# moltp_bmmat:
105.000000000
# mean_log_rec_f:
13.3235679859
# mean_log_rec_m:
13.3209136388
# rec_devf:
 -1.43179317245 -0.683266599190 0.291234727928 1.98705496670 1.01952348958 0.464989157539 -0.273843554213 0.420588712698 0.400716732615 0.799547905709 0.881753937255 0.611301134448 -0.681516342752 -0.967829766044 -0.985033906454 -0.699194659924 -0.307702662202 -0.856461378522 -1.03131455218 -1.03828523893 -0.144467098625 0.690006244236 0.0411315076195 -0.0855167775162 -0.515806662246 -0.531897110452 1.68326951533 0.785427087310 0.201656101675 0.164463851057 0.0745881555842 -0.0442168932552 -0.0698052752447 -0.0611851074830 -0.0514661320125 -0.0376600771591 -0.0180113587277 -0.00100002505347 2.11233509516e-05
# rec_devm:
 1.01351445605 0.904241848368 1.10666626356 1.55631942677 1.05561969761 1.66024496974 -1.61431807861 -1.03565441183 -0.784951517595 2.20645009445 0.222592211380 -0.615966894020 -1.31676396078 -1.76337987011 -1.44513504000 0.250178004744 -0.0835281624057 -1.09320751511 -1.03657785490 -0.104679330664 0.736674689798 0.608742950520 0.614567809060 -0.228978677116 -1.11783786283 -0.338658565688 1.22403010948 0.0295932661617 0.113028287243 -0.139671383882 -0.112911117994 -0.117250777387 -0.154801483897 -0.127916846053 -0.0536691559519 -0.0129384459137 -0.00294741975286 -0.000660559629083 -5.91528209795e-05
# alpha1_rec:
11.5000000000
# beta_rec:
4.00000000000
# mnatlen_styr:
 11.3585022793 11.4461299326 11.6489609824 11.9185501599 12.1024906727 12.0293501571 11.8463094691 11.6364009161 11.5735540966 11.4142841184 11.0506127140 10.9592389263 11.0689984947 10.3746880837 9.09803915435 8.03718714080 7.23684383006 6.65528250001 6.22994414463 5.91948237060 5.70950592297 5.60313752934
 2.02845291837 3.38134520513 4.73422909440 6.08703485364 7.43896706770 8.77942593498 9.95724381398 10.8554231364 11.4414878960 11.7656827941 11.8990627242 11.9067294833 11.8445573028 11.7211681807 11.5007371781 11.1538283204 10.5584352227 9.73080209055 8.74196731509 7.66482574045 6.55155705337 5.42965694727
# fnatlen_styr:
 9.61664641251 9.73191608504 10.1169840229 10.8863624048 12.5048946911 13.4208424189 12.8339211058 11.8367323895 10.8185916430 9.70219485360 9.01952614800 8.71742355698
 10.1629693289 10.1615048898 10.1669271110 10.1695024089 10.1685596217 10.1667211666 10.1682935259 10.1708981713 10.1739390539 10.1739152987 10.1761081208 10.1805985513
# log_avg_fmort:
-0.297851231225
# fmort_dev:
 -0.738599669417 -1.26246774527 -0.565557790037 -0.0230135438311 0.405335968554 0.958870678390 0.815957480863 0.565019428255 1.42419287130 1.74445940107 1.32799527629 0.746992665919 0.442745999465 0.298803746012 -0.0830285776631 0.294030144290 0.437024678675 -0.861227121420 -0.832661207588 -0.240694815121 -0.435739635142 -0.927981610957 -0.970514596596 -0.388087176311 -0.350310255811 -0.0794917191462 -0.519340028031 -0.969569813786 -0.884369188707 -0.0854559829565 0.207533281086 0.291501003269 0.356116896887 0.310657819103 0.0603139591095 -0.779759081428 -0.241598707284 0.551916967969
# log_avg_fmortdf:
-6.03673222772
# fmortdf_dev:
 -0.0361101458375 -0.123591808683 -0.0626128426277 -0.0399216064091 0.0155589803329 -0.0996399365871 -0.256061712922 -0.208459914935 -0.112990252319 0.0244932926949 0.659084877621 0.277376206320 0.0410133330021 -0.300124940645 0.183762561458 -0.243042085213 -0.156709316140 -0.141643122979 -0.116490724118 -0.0987900817184 -0.0644830593918 -0.0649618992871 -0.0680899141192 -0.109015599607 -0.159483491213 -0.118854102414 -0.117263188582 -0.101563417724 -0.243030646995 1.03970326252 -0.241027367085 0.109454833225 1.11827213508 0.247321896846 -0.134105715909 -0.113136642197 -0.0884677977742 -0.0963700456651
# log_avg_fmortt:
-5.10525205071
# fmortt_dev_era1:
 0.231702802051 0.197017701415 0.134214572808 0.0965668319216 -0.293586740624 -0.313371675367 -0.425117274275 -0.459939241508 0.0340930590881 0.798419964489
# fmortt_dev_era2:
 1.37707112784 1.17726981796 2.06048061861 0.847217028166 -0.0887411113498 -0.130605447033 -0.171051103729 0.141006692741 0.143304812699 -0.0119308312978 -0.250529867181 0.202441696766 0.550650722265 -0.227586866584 0.110755503298 -0.390077057019 -0.498478368284 -0.138249641266 -0.632130944976 -0.540754491372 -0.365852850307 -0.561036082101 -0.574123338342 -0.503438440445 -0.507265527807 -0.495097928540 -0.274402662947 -0.248845459762
# discard_mult:
1.00000000000
# Fem_F_prop_constant:
0.500000050000
# log_avg_sel50_mn:
4.66369639708
# log_sel50_dev_mn:
 0.00000000000 0.00000000000 0.00000000000 0.00000000000 0.00000000000 0.00000000000 0.00000000000 0.00000000000 0.00000000000 0.00000000000 0.00000000000 0.00000000000 0.00000000000 0.00000000000 0.00000000000 0.00000000000 0.00000000000 0.00000000000 0.00000000000 0.00000000000 0.00000000000 0.00000000000 0.00000000000 0.00000000000 0.00000000000 0.00000000000 0.00000000000 0.00000000000 0.00000000000 0.00000000000 0.00000000000 0.00000000000 0.00000000000 0.00000000000 0.00000000000 0.00000000000 0.00000000000 0.00000000000 0.00000000000
# log_avg_sel50_mo:
4.50000000000
# log_sel50_dev_mo:
 0.00000000000 0.00000000000 0.00000000000 0.00000000000 0.00000000000 0.00000000000 0.00000000000 0.00000000000 0.00000000000 0.00000000000 0.00000000000 0.00000000000 0.00000000000 0.00000000000 0.00000000000 0.00000000000 0.00000000000 0.00000000000 0.00000000000 0.00000000000 0.00000000000 0.00000000000 0.00000000000 0.00000000000 0.00000000000 0.00000000000 0.00000000000 0.00000000000 0.00000000000 0.00000000000 0.00000000000 0.00000000000 0.00000000000 0.00000000000 0.00000000000 0.00000000000 0.00000000000 0.00000000000 0.00000000000
# fish_slope_mn:
0.182240394273
# fish_slope_mo:
0.450000000000
# fish_fit_slope_mn:
0.469732752054
# fish_fit_sel50_mn:
95.7744987596
# fish_fit_slope_mo:
0.275000000000
# fish_fit_sel50_mo:
100.000000000
# fish_slope_mo2:
1.95000000000
# fish_sel50_mo2:
159.500000000
# fish_slope_mn2:
1.00500000000
# fish_sel50_mn2:
130.000000000
# fish_disc_slope_f:
0.260474689951
# fish_disc_sel50_f:
4.20824112245
# log_dev_50f:
 0.00000000000 0.00000000000 0.00000000000 0.00000000000 0.00000000000 0.00000000000 0.00000000000 0.00000000000 0.00000000000 0.00000000000 0.00000000000 0.00000000000 0.00000000000 0.00000000000 0.00000000000 0.00000000000 0.00000000000 0.00000000000 0.00000000000 0.00000000000 0.00000000000 0.00000000000 0.00000000000 0.00000000000 0.00000000000
# fish_disc_slope_tf:
0.0763920997879
# fish_disc_sel50_tf:
110.900374328
# srv1_q:
0.625613107797
# srv1_q_f:
0.577333297245
# srv1_sel95:
63.7931648411
# srv1_sel50:
36.5119281951
# srv2_q:
0.467106568255
# srv2_q_f:
0.783746176645
# srv2_sel95:
58.0833631068
# srv2_sel50:
40.2574141546
# srv3_q:
0.714133959997
# srv3_sel95:
58.2823350247
# srv3_sel50:
39.6981389582
# srv3_q_f:
0.999999971291
# srv3_sel95_f:
49.8786333289
# srv3_sel50_f:
37.9648608399
# srvind_q:
0.999995776499
# srvind_q_f:
0.163656053274
# srvind_sel95_f:
55.9752213007
# srvind_sel50_f:
50.6966665979
# srv10ind_q:
0.752229418545
# srv10ind_q_f:
0.999962115654
# srv10ind_sel95_f:
26.4042645794
# srv10ind_sel50_f:
24.1180932646
# selsmo10ind:
 15.7628509483 15.9292471148 16.0956567113 16.2620006186 16.4284123050 16.5946748034 16.7608231429 16.9270523295 17.0932411631 17.2593265342 17.4254444813 17.5914917224 17.7575197282 17.9234157951 18.0893848872 18.2553335550 18.4211852433 18.5870677629 18.7529890134 18.9189880879 19.0849718517 19.2508308801
# selsmo09ind:
 -10.2513712269 -9.03603607612 -7.82103914839 -6.60968798857 -5.41437255110 -4.27010204240 -3.24003892905 -2.42067914436 -1.86788189789 -1.51286352473 -1.28788871964 -1.09861519286 -0.906606265288 -0.788556661798 -0.852793134601 -1.06116818142 -1.26764525153 -1.36864583719 -1.33645564074 -1.20447185909 -1.03070529912 -0.843819883783
# Mmult_imat:
1.08928778594
# Mmult:
1.07861259076
# Mmultf:
1.34238854352
# cpueq:
0.00101104188442
# proprecn:
1.00000000000
