# Number of parameters = 440 Objective function value = 1329.13539349689  Maximum gradient component = 0.00682485076242640
# af:
-1.15390000000
# am:
2.04920000000
# bf:
1.33890000000
# bm:
1.22580000000
# bf1:
1.15108525751
# deltaf:
120.000000000
# st_gr:
0.500000000000
# growth_beta:
 0.750000000000 0.750000000000
# matest50f:
45.0000000000
# matestslpf:
0.275000000000
# matest50m:
85.0000000000
# matestslpm:
0.260000000000
# mateste:
 -4.54256934274 -4.07799617825 -3.61342330178 -3.14940520695 -2.69242079784 -2.26976992113 -1.91217611777 -1.63517638649 -1.45834785133 -1.33360998741 -1.24633811865 -1.23068481509 -1.19470277019 -0.999642460368 -0.621063856513 -0.187065957572 -1.63783653306e-09
# matestfe:
 -4.24521062562 -3.29210178297 -2.33898252243 -1.39230662286 -0.534411556085 -0.116207951152 -0.101482629804 -0.0363304688109
# moltp_af:
2.00000000000
# moltp_bf:
150.000000000
# moltp_am:
1.52000000000
# moltp_bm:
215.000000000
# moltp_ammat:
0.0500000000000
# moltp_bmmat:
105.000000000
# mean_log_rec_f:
13.5201057729
# mean_log_rec_m:
13.6178391916
# rec_devf:
 -1.15351691548 -0.999708724733 0.194435191261 1.88238608286 1.06104882190 0.300108382127 -0.289178442235 0.543290454722 0.521584589236 0.959060442468 1.01391228393 0.759550639892 -0.619334338645 -0.910015623351 -0.973140770276 -0.702715695571 -0.235671067591 -0.830536545310 -0.952521805394 -0.933868230194 -0.0172182634873 0.782739204695 -0.0208353944265 -0.116417141947 -0.758009869611 -0.740224516976 1.28845126048 0.298678527449 -0.0740236121653 -0.0430757242749 -0.0978923058899 -0.420579688884 0.519150300319 1.32656953666 -0.259976179577 -0.198100411305 -0.101549205727 -0.00285522617672 -1.87751655818e-08
# rec_devm:
 0.470289311420 0.677658662887 0.899831864446 1.96622253409 1.10641835502 1.79833519367 -1.22875205045 -0.0679751305343 0.0731839936241 2.44799733305 -0.0487303458406 0.203337296059 -1.12705420084 -1.66003785079 -1.32047178747 0.435258908859 -0.103617719333 -1.07561183072 -1.03982146545 -0.0639550430805 0.701013022713 0.519752459717 0.471092845021 -0.380551817098 -1.52170851243 -1.38202536378 0.293064885841 -0.758852417408 -0.965478817165 -0.155172719425 -0.529568733479 -0.589509215212 0.908840816715 1.23510481038 -0.143522878508 -0.0354801541211 -0.00778308129145 -0.00172117028474 1.11900873069e-08
# alpha1_rec:
11.5000000000
# beta_rec:
4.00000000000
# mnatlen_styr:
 11.6055130387 11.6522723829 11.8269230111 12.0879178531 12.2768600282 12.2069647966 12.0378254866 11.8548576624 11.7755757636 11.5874011768 11.2365718247 11.1434451068 11.1799288779 10.4036235931 9.11151615406 8.04898195249 7.25632614407 6.67971685188 6.25442960970 5.93925785551 5.72271807756 5.61211832241
 1.97354437549 3.32500653154 4.67646522434 6.02787166536 7.37855263589 8.71915685986 9.91441023789 10.8530205453 11.4936737173 11.8718774088 12.0523151423 12.1015646261 12.0754228299 11.9747654946 11.7437491827 11.3354234778 10.6642690846 9.77725953739 8.75116018920 7.65102251295 6.52100937472 5.38393492634
# fnatlen_styr:
 10.1157415694 10.2302202823 10.5714923704 11.1440985549 12.3439812459 13.2725438758 12.6549262816 11.7145181455 10.7084337041 9.75475097511 9.18034912623 8.92366824804
 10.1853041009 10.2683934172 10.5351102391 11.1895243987 12.4011680577 13.0297692078 12.5585270441 11.6556989604 10.8086330205 9.86662643604 9.26424555927 8.98888925338
# log_avg_fmort:
-0.160135552041
# fmort_dev:
 -0.766564492752 -1.30595868034 -0.668328769804 -0.195873162262 0.157126585738 0.858531782936 1.03162811922 0.769205310187 1.48595198423 1.64746432049 1.21801320939 0.603684832766 0.321259241096 0.113667247363 -0.0725971264049 0.260435934246 0.427676761627 -0.944596759771 -0.945972540234 -0.312077809024 -0.547560325231 -1.07295024149 -1.08581275600 -0.459278148962 -0.411841531462 -0.146534378130 -0.580116082392 -1.02275936178 -0.932879056590 -0.0790332599338 0.287326611340 0.433384709278 0.866323245315 0.533769304389 -0.490049462938 -0.399076220891 0.212823465018 1.21158750177
# log_avg_fmortdf:
-6.13550023337
# fmortdf_dev:
 -0.109488106661 -0.0870735358393 -0.0503830238694 -0.0530108194588 -0.0234902556664 -0.0394903498542 -0.235584358164 -0.247338870522 -0.176257510137 -0.0146313645860 0.710016370046 0.338789332098 0.103913471801 -0.247453544222 0.231289218491 -0.221622535979 -0.152637564869 -0.149300228566 -0.134581881785 -0.123384372063 -0.0948948590985 -0.0929824223532 -0.0895768572562 -0.108287070409 -0.139826501596 -0.109287960449 -0.118083093538 -0.116805121450 -0.194657107336 1.34677406028 -0.115517256026 0.237108660043 1.52719627127 0.288802747291 -0.161701917650 -0.331117883437 -0.469020893466 -0.576402865011
# log_avg_fmortt:
-4.98311447388
# fmortt_dev_era1:
 0.255982727407 0.255907248295 0.160578318249 0.0777870167089 -0.338910011003 -0.324346911888 -0.399817585592 -0.454884969010 0.00338735878200 0.764316808050
# fmortt_dev_era2:
 1.36380902082 1.14874523415 2.01053311257 0.757770881926 -0.0476301428230 -0.0843513116837 -0.135556958261 0.138983502944 0.110087511030 -0.0647253673257 -0.307009673426 0.147318720181 0.520376094791 -0.278075670699 0.0630535665824 -0.427758124509 -0.524444082733 -0.144346332838 -0.648906485180 -0.533755692315 -0.270360736785 -0.361870807418 -0.327993518078 -0.300836751720 -0.402731271719 -0.506650826952 -0.370552834697 -0.523121055835
# discard_mult:
1.00000000000
# Fem_F_prop_constant:
0.500000050000
# log_avg_sel50_mn:
4.66655455298
# log_sel50_dev_mn:
 0.00000000000 0.00000000000 0.00000000000 0.00000000000 0.00000000000 0.00000000000 0.00000000000 0.00000000000 0.00000000000 0.00000000000 0.00000000000 0.00000000000 0.00000000000 0.00000000000 0.00000000000 0.00000000000 0.00000000000 0.00000000000 0.00000000000 0.00000000000 0.00000000000 0.00000000000 0.00000000000 0.00000000000 0.00000000000 0.00000000000 0.00000000000 0.00000000000 0.00000000000 0.00000000000 0.00000000000 0.00000000000 0.00000000000 0.00000000000 0.00000000000 0.00000000000 0.00000000000 0.00000000000 0.00000000000
# log_avg_sel50_mo:
4.50000000000
# log_sel50_dev_mo:
 0.00000000000 0.00000000000 0.00000000000 0.00000000000 0.00000000000 0.00000000000 0.00000000000 0.00000000000 0.00000000000 0.00000000000 0.00000000000 0.00000000000 0.00000000000 0.00000000000 0.00000000000 0.00000000000 0.00000000000 0.00000000000 0.00000000000 0.00000000000 0.00000000000 0.00000000000 0.00000000000 0.00000000000 0.00000000000 0.00000000000 0.00000000000 0.00000000000 0.00000000000 0.00000000000 0.00000000000 0.00000000000 0.00000000000 0.00000000000 0.00000000000 0.00000000000 0.00000000000 0.00000000000 0.00000000000
# fish_slope_mn:
0.194745411615
# fish_slope_mo:
0.450000000000
# fish_fit_slope_mn:
0.455376626372
# fish_fit_sel50_mn:
96.1582077920
# fish_fit_slope_mo:
0.275000000000
# fish_fit_sel50_mo:
100.000000000
# fish_slope_mo2:
1.95000000000
# fish_sel50_mo2:
159.500000000
# fish_slope_mn2:
1.00500000000
# fish_sel50_mn2:
130.000000000
# fish_disc_slope_f:
0.259606465960
# fish_disc_sel50_f:
4.22876154113
# log_dev_50f:
 0.00000000000 0.00000000000 0.00000000000 0.00000000000 0.00000000000 0.00000000000 0.00000000000 0.00000000000 0.00000000000 0.00000000000 0.00000000000 0.00000000000 0.00000000000 0.00000000000 0.00000000000 0.00000000000 0.00000000000 0.00000000000 0.00000000000 0.00000000000 0.00000000000 0.00000000000 0.00000000000 0.00000000000 0.00000000000
# fish_disc_slope_tf:
0.0784034408176
# fish_disc_sel50_tf:
114.047887187
# srv1_q:
0.625613107797
# srv1_q_f:
0.577333297245
# srv1_sel95:
63.7931648411
# srv1_sel50:
36.5119281951
# srv2_q:
0.439150599785
# srv2_q_f:
0.926469280093
# srv2_sel95:
61.5040586177
# srv2_sel50:
43.1420070560
# srv3_q:
0.637923537952
# srv3_sel95:
61.0758062839
# srv3_sel50:
39.6528860803
# srv3_q_f:
0.999999971291
# srv3_sel95_f:
50.0264505271
# srv3_sel50_f:
37.8820391715
# srvind_q:
0.999995790946
# srvind_q_f:
0.162862198396
# srvind_sel95_f:
54.9268525135
# srvind_sel50_f:
50.1035432149
# srv10ind_q:
0.762147862396
# srv10ind_q_f:
0.982174740008
# srv10ind_sel95_f:
26.4042645794
# srv10ind_sel50_f:
24.1180932646
# selsmo10ind:
 19.9618658681 19.9635008579 19.9651361188 19.9667706555 19.9684043579 19.9700371514 19.9716691434 19.9732987326 19.9749256404 19.9765496474 19.9781701601 19.9797866781 19.9813985726 19.9830055465 19.9846072834 19.9862037623 19.9877954950 19.9893825797 19.9909657453 19.9925463693 19.9941257038 19.9957049122
# selsmo09ind:
 -9.29672075849 -8.23158808865 -7.16695379067 -6.10694922403 -5.06511867966 -4.07545241836 -3.19369093830 -2.49892067985 -2.03695470912 -1.73654915811 -1.52999032223 -1.32511173260 -1.09014141679 -0.912036177653 -0.910356518739 -1.05735146848 -1.21567240136 -1.28165727126 -1.22341246581 -1.07057215252 -0.878271712069 -0.673650266246
# Mmult_imat:
1.08901660766
# Mmult:
1.06521541546
# Mmultf:
1.27523002005
# m_dev_m:
 0.664506965108 0.338200102066 -0.0218490629074 -0.403678544918 -0.619553566539 -0.561497338971 -0.274006940017 0.140868974384 0.552777063245 0.815991924111 0.803487074569 0.635120511766 0.791636083962 1.04695102671 1.21961223461 0.658657357431 0.384981464979 0.237949531876 0.241834918826 0.327622237669 0.349116485925 0.279393347880 0.206455604231 0.192425446067 0.193382960637 0.176609321156 0.103150716476 -0.0210817777060 -0.0991028968933 -0.0331503867527 0.129497111788 0.266815392175 0.252310297475 -0.0108130670410 -0.536835642497 -1.17310443491 -1.82203449007 -2.43246688960 -3.00017911632
# m_dev_f:
 0.871098219325 1.13929583221 1.18671453386 0.843388176646 0.341868121276 -0.0876250621294 -0.299359772778 -0.246347795356 -0.0168914263201 0.266795617824 0.476319728567 0.542445737169 0.482845312049 0.381855157160 0.277016172553 0.215738313484 0.174683366276 0.142718652851 0.173351057597 0.245382203292 0.352874770758 0.504957841748 0.650203667615 0.690467267354 0.554053282410 0.306084449230 0.0708119854888 -0.0533398495675 -0.0183999161033 0.162651489013 0.362038954306 0.412699128448 0.168706106264 -0.372494840271 -1.07891613099 -1.76839334592 -2.32918279569 -2.72570860495 -3.00040560470
# cpueq:
0.00109779799548
# proprecn:
1.00000000000
