# Number of parameters = 362 Objective function value = 3173.42396214558  Maximum gradient component = 0.000948111548519034
# af:
-1.15390000000
# am:
2.04920000000
# bf:
1.33890000000
# bm:
1.22580000000
# bf1:
1.15108525751
# deltaf:
120.000000000
# st_gr:
0.500000000000
# growth_beta:
 0.750000000000 0.750000000000
# matest50f:
45.0000000000
# matestslpf:
0.275000000000
# matest50m:
85.0000000000
# matestslpm:
0.260000000000
# mateste:
 -4.82384882481 -4.33458472907 -3.84532083848 -3.35673524328 -2.87719531909 -2.43701166971 -2.07074658572 -1.79788755700 -1.64407153691 -1.56075106718 -1.52153559167 -1.54689319374 -1.53795550004 -1.33279851656 -0.876751353867 -0.308326961122 -1.56564983200e-09
# matestfe:
 -4.44560813832 -3.45012971962 -2.45464730813 -1.46641946631 -0.572201244480 -0.120289394768 -0.0972309567923 -0.0334503377237
# moltp_af:
2.00000000000
# moltp_bf:
150.000000000
# moltp_am:
1.52000000000
# moltp_bm:
215.000000000
# moltp_ammat:
0.0500000000000
# moltp_bmmat:
105.000000000
# mean_log_rec_f:
13.4418432604
# mean_log_rec_m:
13.3022756077
# rec_devf:
 -1.46822314559 -0.706258913072 0.290227988255 2.01763183296 1.05158847483 0.406437695358 -0.277917644031 0.402495699474 0.345285432188 0.772603778103 0.846639813602 0.592061604615 -0.687517227977 -0.951494557821 -0.965786362480 -0.708575074354 -0.297387313804 -0.890502255694 -1.06889020241 -1.07634292440 -0.199664758276 0.637621724489 -0.100440054944 -0.163260469159 -0.754453867453 -0.690338783142 1.33954452653 0.190338748298 -0.300199330877 -0.216783231443 -0.116281532171 -0.348237159157 0.508886564550 1.35469700060 1.26093432250 0.0245873212487 -0.0507912261949 -0.00223651157582 1.84120784716e-08
# rec_devm:
 1.08910833820 0.890893047666 1.20024612569 1.71824814319 1.37747073577 1.70942408335 -1.52643474399 -0.784728176040 -0.678515768394 2.27175742735 0.267784309957 -0.629916612129 -1.31355409618 -1.76213748301 -1.44319850133 0.243294414536 -0.0628615662916 -1.08503637306 -1.02989636735 -0.00661338042943 0.724688351403 0.570114125193 0.567093563148 -0.176407517456 -1.32556923920 -1.22768196843 0.389278151717 -0.699199937127 -0.941947275098 -1.28327503993 -1.14432388281 -0.233784758476 1.47882536202 1.95682963160 1.13511637775 -0.227657132878 -0.00615864263399 -0.00127518038010 1.45407773029e-06
# alpha1_rec:
11.5000000000
# beta_rec:
4.00000000000
# mnatlen_styr:
 11.3796000370 11.4721470758 11.6796553113 11.9484382793 12.1191926566 12.0179634456 11.8119270496 11.5763944623 11.5016631732 11.3607231102 10.9775119889 10.8470806626 10.9932267615 10.3964247671 9.13036954698 8.06200101646 7.26176851269 6.68382033200 6.26253973095 5.95554846251 5.74822568725 5.64337259468
 2.22096490731 3.51411035936 4.80724941790 6.10030458945 7.39235485711 8.67240381772 9.80123734544 10.6705375736 11.2495438290 11.5842613554 11.7421866580 11.7869484528 11.7714082348 11.6944818039 11.4962255263 11.1433381700 10.5491120712 9.73689454312 8.76787525806 7.71009255981 6.61529097350 5.51154841804
# fnatlen_styr:
 9.36029129936 9.44891027955 9.76397465782 10.3954345889 11.7141668258 12.8283493759 12.2380739779 11.3004452414 10.2712338644 9.27596849106 8.67289356172 8.40158998909
 9.67684113187 9.77352954854 10.0800629348 10.8282909441 12.1828392380 12.7814655948 12.2576893185 11.2990127942 10.3969913610 9.39758198723 8.76078216089 8.46925750882
# log_avg_fmort:
-0.0813723533082
# fmort_dev:
 -1.03099346843 -1.50702091068 -0.787239494980 -0.214778149398 0.255923178617 0.888462798554 0.797178966942 0.511350086164 1.36322826199 1.59721023422 1.09200749273 0.537188961943 0.273497845168 0.100239224600 -0.307332650367 0.0890289896981 0.295971859180 -0.941841226426 -0.883093479634 -0.241884142027 -0.452432014864 -0.995894617674 -1.05644964918 -0.458430016076 -0.435384060845 -0.180139094479 -0.609003234590 -1.05086940115 -0.955188164005 -0.0733511592826 0.341703551028 0.460970021744 0.914109614088 0.890990507358 0.462101883081 0.263948432757 -0.210888198602 1.25710122283
# log_avg_fmortdf:
-5.94127599006
# fmortdf_dev:
 -0.0680300903040 -0.101498829256 -0.0510803182569 -0.0372792256863 0.0109867289636 -0.0959727276965 -0.277612483062 -0.247566007197 -0.151864837709 -0.00531224808666 0.636398102955 0.265105661184 0.0329676494767 -0.310468150782 0.169611427047 -0.259413785741 -0.171272052194 -0.154413924358 -0.128514188990 -0.111783583056 -0.0780220904570 -0.0785657159653 -0.0794552810240 -0.114600164359 -0.162488704607 -0.122663516476 -0.119484666899 -0.102445637066 -0.185861850884 1.27701214504 -0.128150192979 0.228750962528 1.38731276285 0.320706545834 -0.0947319830483 -0.193208162897 -0.318150677906 -0.378940888927
# log_avg_fmortt:
-5.19477530364
# fmortt_dev_era1:
 0.202935739321 0.186176929673 0.130833629655 0.100505770846 -0.288276131638 -0.298281768443 -0.395560263994 -0.436562517285 0.0264881203914 0.771740491474
# fmortt_dev_era2:
 1.35029394139 1.16912729846 2.09131570251 0.855084647588 -0.116390187747 -0.149372952310 -0.183861774342 0.116815113044 0.0680726772248 -0.116371663672 -0.332445690754 0.132500128377 0.539328904662 -0.303715685263 0.0390097671581 -0.433576075644 -0.516111126563 -0.110253936786 -0.628097545829 -0.521487051030 -0.283686831838 -0.385269798357 -0.353959599283 -0.327661948617 -0.362450287209 -0.387244025845 -0.279691914777 -0.569900084549
# discard_mult:
1.00000000000
# Fem_F_prop_constant:
0.500000050000
# log_avg_sel50_mn:
4.65150956197
# log_sel50_dev_mn:
 0.00000000000 0.00000000000 0.00000000000 0.00000000000 0.00000000000 0.00000000000 0.00000000000 0.00000000000 0.00000000000 0.00000000000 0.00000000000 0.00000000000 0.00000000000 0.00000000000 0.00000000000 0.00000000000 0.00000000000 0.00000000000 0.00000000000 0.00000000000 0.00000000000 0.00000000000 0.00000000000 0.00000000000 0.00000000000 0.00000000000 0.00000000000 0.00000000000 0.00000000000 0.00000000000 0.00000000000 0.00000000000 0.00000000000 0.00000000000 0.00000000000 0.00000000000 0.00000000000 0.00000000000 0.00000000000
# log_avg_sel50_mo:
4.50000000000
# log_sel50_dev_mo:
 0.00000000000 0.00000000000 0.00000000000 0.00000000000 0.00000000000 0.00000000000 0.00000000000 0.00000000000 0.00000000000 0.00000000000 0.00000000000 0.00000000000 0.00000000000 0.00000000000 0.00000000000 0.00000000000 0.00000000000 0.00000000000 0.00000000000 0.00000000000 0.00000000000 0.00000000000 0.00000000000 0.00000000000 0.00000000000 0.00000000000 0.00000000000 0.00000000000 0.00000000000 0.00000000000 0.00000000000 0.00000000000 0.00000000000 0.00000000000 0.00000000000 0.00000000000 0.00000000000 0.00000000000 0.00000000000
# fish_slope_mn:
0.197628852838
# fish_slope_mo:
0.450000000000
# fish_fit_slope_mn:
0.499997169977
# fish_fit_sel50_mn:
96.2881929737
# fish_fit_slope_mo:
0.275000000000
# fish_fit_sel50_mo:
100.000000000
# fish_slope_mo2:
1.95000000000
# fish_sel50_mo2:
159.500000000
# fish_slope_mn2:
1.00500000000
# fish_sel50_mn2:
130.000000000
# fish_disc_slope_f:
0.253029558709
# fish_disc_sel50_f:
4.23434726446
# log_dev_50f:
 0.00000000000 0.00000000000 0.00000000000 0.00000000000 0.00000000000 0.00000000000 0.00000000000 0.00000000000 0.00000000000 0.00000000000 0.00000000000 0.00000000000 0.00000000000 0.00000000000 0.00000000000 0.00000000000 0.00000000000 0.00000000000 0.00000000000 0.00000000000 0.00000000000 0.00000000000 0.00000000000 0.00000000000 0.00000000000
# fish_disc_slope_tf:
0.0863717103178
# fish_disc_sel50_tf:
106.736156130
# srv1_q:
0.625613107797
# srv1_q_f:
0.577333297245
# srv1_sel95:
63.7931648411
# srv1_sel50:
36.5119281951
# srv2_q:
0.497626118564
# srv2_q_f:
0.778395119854
# srv2_sel95:
61.3366867799
# srv2_sel50:
42.1760727867
# srv3_q:
0.818441059123
# srv3_sel95:
57.1094629160
# srv3_sel50:
38.7095867832
# srv3_q_f:
0.999999971291
# srv3_sel95_f:
47.8882441876
# srv3_sel50_f:
36.5755426600
# srvind_q:
0.999997048139
# srvind_q_f:
0.163276245329
# srvind_sel95_f:
54.8656486652
# srvind_sel50_f:
50.0526955256
# srv10ind_q:
0.908535752542
# srv10ind_q_f:
0.999999719315
# srv10ind_sel95_f:
26.4042645794
# srv10ind_sel50_f:
24.1180932646
# selsmo10ind:
 19.9966765912 19.9966057642 19.9965475346 19.9964969431 19.9964652338 19.9964609896 19.9964959252 19.9965773698 19.9967077727 19.9968811025 19.9970877221 19.9973396020 19.9976067491 19.9978787350 19.9981569917 19.9984266060 19.9986689136 19.9988795137 19.9990372125 19.9991667265 19.9992853696 19.9993942204
# selsmo09ind:
 -9.22801134943 -8.15808727187 -7.08860191504 -6.02327008815 -4.97458069737 -3.97469234977 -3.07700176667 -2.35804989975 -1.86253360898 -1.52212172504 -1.27521482532 -1.03828755016 -0.787276862701 -0.613117716529 -0.635859250615 -0.829515646303 -1.05132224695 -1.18636621802 -1.20074967713 -1.12323328307 -1.00731293112 -0.878766331255
# Mmult_imat:
1.15241094393
# Mmult:
1.08245636203
# Mmultf:
1.39647625669
# cpueq:
0.00145084522900
# proprecn:
1.00000000000
