# Number of parameters = 427 Objective function value = -2097.02626606573  Maximum gradient component = 48.5925991896410
# af:
-1.15390000000
# am:
2.04920000000
# bf:
1.33890000000
# bm:
1.22580000000
# bf1:
1.15108525751
# deltaf:
120.000000000
# st_gr:
0.500000000000
# growth_beta:
 0.750000000000 0.750000000000
# matest50f:
45.0000000000
# matestslpf:
0.275000000000
# matest50m:
85.0000000000
# matestslpm:
0.260000000000
# mateste:
 -4.62910739601 -4.18474829665 -3.74038849243 -3.29636486705 -2.85786761370 -2.44908056660 -2.09991183428 -1.82892344046 -1.66036890070 -1.55220816522 -1.47308535110 -1.43015301554 -1.33872404253 -1.07179735865 -0.614130597339 -0.140931920864 -2.23184759562e-09
# matestfe:
 -4.16028630657 -3.23324001555 -2.30618622925 -1.38500572819 -0.541734554918 -0.107089077079 -0.0885272840450 -0.0447345498921
# moltp_af:
2.00000000000
# moltp_bf:
150.000000000
# moltp_am:
1.52000000000
# moltp_bm:
215.000000000
# moltp_ammat:
0.0500000000000
# moltp_bmmat:
105.000000000
# mean_log_rec_f:
14.0833520989
# mean_log_rec_m:
13.9249836023
# rec_devf:
 -1.81000203697 -1.09223316973 -0.114074528783 1.51173978101 0.446548432103 -0.0388994830485 -0.633811952823 0.0992403529304 0.203068644286 0.782937817974 0.997211064967 0.924171374563 -0.476566526628 -0.794640163507 -0.803293647782 -0.559251284729 -0.272617218328 -0.727014911498 -0.858638207665 -0.980019036457 -0.148743872587 0.930782153356 0.605981845783 0.344071928374 -0.362420567634 -0.420186352874 1.77776152069 0.860295946596 0.369164557151 0.611450208972 0.000153413910881 -0.0751045049298 -0.0886190973260 -0.0769041850352 -0.0636325526726 -0.0454553397168 -0.0212456768728 -0.00120013949330 -4.58557213552e-06
# rec_devm:
 0.481642971208 0.357230240729 0.551951945863 1.10508098341 0.868991842677 1.31928369360 -1.82919373513 -1.50824041194 -0.626506228166 2.22472494033 -0.523558871004 -0.270322806711 -1.01850061077 -1.53845996596 -1.18582810170 0.628687159404 0.0605502970343 -0.873402746149 -0.825714900209 -0.0657587786032 1.13824071281 0.886242212471 0.492766960337 -0.109516948172 -1.01105048642 -0.276596083942 1.44315925525 0.270014408505 0.312562944135 0.267074901545 -0.185731551108 -0.167271646096 -0.176032144249 -0.137234064951 -0.0600031670101 -0.0152188136131 -0.00333916338134 -0.000736662865287 1.24188429613e-05
# alpha1_rec:
11.5000000000
# beta_rec:
4.00000000000
# mnatlen_styr:
 11.3247310075 11.4134332800 11.6280893982 11.9316632413 12.1608616929 12.1156295373 11.9695182261 11.7811265256 11.7113102169 11.5812906402 11.2597198848 11.1635735007 11.2437281686 10.5487914664 9.26669081573 8.18678931541 7.36847174956 6.77502733877 6.34284725705 6.02925318723 5.81832093749 5.71180863147
 2.05923185290 3.39922162678 4.73920618025 6.07912804379 7.41818245295 8.74591258237 9.91660481695 10.8158452374 11.4096381700 11.7449070286 11.8923125397 11.9196999433 11.8857109282 11.7987150259 11.6164744724 11.2952006656 10.7153269683 9.89370433837 8.90460811281 7.82426548836 6.70662105885 5.58003517083
# fnatlen_styr:
 9.53078184617 9.62987223057 9.95634547254 10.6072972289 11.9589814080 13.0848403470 12.4984176946 11.5496790850 10.5387519209 9.55414453545 8.95777314893 8.69037310243
 9.82632245651 9.92153460590 10.2260259354 10.9729746623 12.3349547222 12.9636724272 12.4760187565 11.5540861342 10.6680061775 9.67814158491 9.04749374886 8.75969179736
# log_avg_fmort:
-0.911013497959
# fmort_dev:
 -0.251149100246 -0.806084838179 -0.0782612509960 0.490854594865 0.947590908867 1.56225582406 1.51981583792 1.32001220908 2.16544281924 2.19743509437 1.51152206228 0.872389553740 0.450390416172 0.168672620269 -0.155282179827 0.178739367251 0.118849962769 -1.35433596210 -1.39953881964 -0.927491783330 -1.10878676165 -1.46429294228 -1.43863960542 -0.903435441458 -0.883032676423 -0.599561720934 -0.998240408545 -1.34616083861 -1.18997129049 -0.489093710729 -0.596953443755 1.37130456020 1.29746368694 1.33379987871 -3.99961135371 0.749671982830 0.671802254409 1.06191049436
# log_avg_fmortdf:
-6.82688091017
# fmortdf_dev:
 -0.00561235388934 -0.0270111416507 -0.00575464133877 -0.00204410248037 0.0390495750396 0.0387081360144 -0.0493919133963 0.0118197585553 0.0815245493420 0.186934281895 0.889829440459 0.394389045760 0.100300731173 -0.299051698329 0.140510890985 -0.294995036367 -0.208468753340 -0.186318057028 -0.154651371984 -0.131833743158 -0.0911231330438 -0.0881527883244 -0.0868201547789 -0.140348587613 -0.228843578385 -0.214651800333 -0.219392061722 -0.191226198659 -0.324452166336 0.891871713065 -0.325781416360 0.00197364673983 0.932379648470 0.159450003412 -0.193295290187 -0.156724995827 -0.120853907665 -0.121942528713
# log_avg_fmortt:
-5.87644377397
# fmortt_dev_era1:
 0.0629096579216 0.173310557816 0.185958060480 0.0950703146858 -0.476769901641 -0.477990984665 -0.529315572549 -0.489654407397 0.303096724846 1.15338555050
# fmortt_dev_era2:
 1.67427241216 1.38787677099 2.11662557267 0.798129012849 -0.0804633654129 -0.102680279603 -0.210755809505 -0.00599711391486 0.0486467447893 -0.0443144452927 -0.270950688991 0.0982551348696 0.368869303141 -0.231080776000 0.0262489606556 -0.468038499166 -0.606976399128 -0.287043592450 -0.670129003479 -0.577383889541 -0.448689687205 -0.673848378850 -0.519068851348 -0.391084525767 -0.352383840975 -0.450478116611 -0.0962355336152 -0.0313211152757
# discard_mult:
1.00000000000
# Fem_F_prop_constant:
0.500000050000
# log_avg_sel50_mn:
4.66792541080
# log_sel50_dev_mn:
 0.00000000000 0.00000000000 0.00000000000 0.00000000000 0.00000000000 0.00000000000 0.00000000000 0.00000000000 0.00000000000 0.00000000000 0.00000000000 0.00000000000 0.00000000000 0.00000000000 0.00000000000 0.00000000000 0.00000000000 0.00000000000 0.00000000000 0.00000000000 0.00000000000 0.00000000000 0.00000000000 0.00000000000 0.00000000000 0.00000000000 0.00000000000 0.00000000000 0.00000000000 0.00000000000 0.00000000000 0.00000000000 0.00000000000 0.00000000000 0.00000000000 0.00000000000 0.00000000000 0.00000000000 0.00000000000
# log_avg_sel50_mo:
4.50000000000
# log_sel50_dev_mo:
 0.00000000000 0.00000000000 0.00000000000 0.00000000000 0.00000000000 0.00000000000 0.00000000000 0.00000000000 0.00000000000 0.00000000000 0.00000000000 0.00000000000 0.00000000000 0.00000000000 0.00000000000 0.00000000000 0.00000000000 0.00000000000 0.00000000000 0.00000000000 0.00000000000 0.00000000000 0.00000000000 0.00000000000 0.00000000000 0.00000000000 0.00000000000 0.00000000000 0.00000000000 0.00000000000 0.00000000000 0.00000000000 0.00000000000 0.00000000000 0.00000000000 0.00000000000 0.00000000000 0.00000000000 0.00000000000
# fish_slope_mn:
0.171799163013
# fish_slope_mo:
0.450000000000
# fish_fit_slope_mn:
0.448700181816
# fish_fit_sel50_mn:
96.1017831362
# fish_fit_slope_mo:
0.275000000000
# fish_fit_sel50_mo:
100.000000000
# fish_slope_mo2:
1.95000000000
# fish_sel50_mo2:
159.500000000
# fish_slope_mn2:
1.00500000000
# fish_sel50_mn2:
130.000000000
# fish_disc_slope_f:
0.257748251464
# fish_disc_sel50_f:
4.20949721149
# log_dev_50f:
 0.00000000000 0.00000000000 0.00000000000 0.00000000000 0.00000000000 0.00000000000 0.00000000000 0.00000000000 0.00000000000 0.00000000000 0.00000000000 0.00000000000 0.00000000000 0.00000000000 0.00000000000 0.00000000000 0.00000000000 0.00000000000 0.00000000000 0.00000000000 0.00000000000 0.00000000000 0.00000000000 0.00000000000 0.00000000000
# fish_disc_slope_tf:
0.0795079568547
# fish_disc_sel50_tf:
105.279224342
# srv1_q:
0.625613107797
# srv1_q_f:
0.577333297245
# srv1_sel95:
63.7931648411
# srv1_sel50:
36.5119281951
# srv2_q:
0.418083707443
# srv2_q_f:
0.576882003291
# srv2_sel95:
59.2500538628
# srv2_sel50:
40.8974329683
# srv3_q:
 0.758903532244 0.749688125566 0.821896661860 0.802112232062 0.560002006028 0.468900911531 0.466552733001 0.477053461766 0.433547429633 0.388165269314 0.298168367516 0.200000113043 0.235843783943 0.370299485695 0.282498002598 0.212929634814 0.218514228426 0.321399765211 0.300955284339 0.295433397826 0.249441062585 0.235829056872 0.304485494099 0.308439889157 0.241373549420 0.209524774687 0.200011164970 0.200007234754 0.200357960376 0.200927660806 0.201567590691 0.202309007684 0.203021645938
# srv3_sel95:
58.4925927902
# srv3_sel50:
39.6298878671
# srv3_q_f:
 0.780899470437 0.999998809567 0.999999875722 0.999299930174 0.832673754173 0.638042994392 0.521785386070 0.494286053083 0.377269409613 0.423530869574 0.396707380744 0.264031644532 0.450907320969 0.454122032000 0.318289271067 0.378936914376 0.468415550954 0.441419524291 0.297387793590 0.258362255052 0.249782111149 0.332894928308 0.347277866760 0.441755383195 0.426010645189 0.410270411023 0.394533105960 0.378781600130 0.363083309050 0.347438630017 0.331781502884 0.316119310716 0.300412684782
# srv3_sel95_f:
49.8106968075
# srv3_sel50_f:
38.2886007316
# srvind_q:
0.999994205062
# srvind_q_f:
0.0886211571826
# srvind_sel95_f:
54.9944461919
# srvind_sel50_f:
50.0795156622
# srv10ind_q:
0.361352219907
# srv10ind_q_f:
0.515645236982
# srv10ind_sel95_f:
26.4042645794
# srv10ind_sel50_f:
24.1180932646
# selsmo10ind:
 19.9628383868 19.9640989458 19.9657936285 19.9677847471 19.9699090182 19.9720033119 19.9745280844 19.9774209254 19.9800858674 19.9829950262 19.9860324492 19.9900781485 19.9949060144 19.9985860546 19.9995985180 19.9993572290 19.9997395580 19.9975041689 19.9942068445 19.9907002091 19.9869623035 19.9833639328
# selsmo09ind:
 -10.5436042699 -9.32304072222 -8.10282616949 -6.88645000464 -5.68686440412 -4.54020564874 -3.51122221123 -2.69824143256 -2.15624901380 -1.81310550486 -1.60133051165 -1.42953701334 -1.26529188810 -1.19275148404 -1.32139328157 -1.59530138546 -1.84597162664 -1.96682631942 -1.93161195157 -1.77963082393 -1.57767463522 -1.36025990523
# Mmult_imat:
1.09560933968
# Mmult:
1.09177487717
# Mmultf:
1.31611537118
# cpueq:
0.000556477574339
# proprecn:
1.00000000000
