# Number of parameters = 505 Objective function value = 349.995541347803  Maximum gradient component = 10.5623501499733
# af:
-1.15390000000
# am:
2.04920000000
# bf:
1.33890000000
# bm:
1.22580000000
# bf1:
1.15108525751
# deltaf:
120.000000000
# st_gr:
0.500000000000
# growth_beta:
 0.750000000000 0.750000000000
# matest50f:
45.0000000000
# matestslpf:
0.275000000000
# matest50m:
85.0000000000
# matestslpm:
0.260000000000
# mateste:
 -4.10372988633 -3.66157169694 -3.21941308225 -2.77777003184 -2.34235152222 -1.93859855915 -1.59637730496 -1.32923638208 -1.14958884525 -1.00904346314 -0.909549432689 -0.905700071709 -0.897271856857 -0.756105941361 -0.467687549606 -0.148038146611 -6.91198120961e-09
# matestfe:
 -3.85229439514 -2.97954011969 -2.10676897217 -1.23934754128 -0.453088180043 -0.0932281483476 -0.0973625441560 -0.0358067283619
# moltp_af:
2.00000000000
# moltp_bf:
150.000000000
# moltp_am:
1.52000000000
# moltp_bm:
215.000000000
# moltp_ammat:
0.0500000000000
# moltp_bmmat:
105.000000000
# mean_log_rec_f:
14.4176686425
# mean_log_rec_m:
14.3380100138
# rec_devf:
 -1.14845251810 -1.16320177319 0.0269207747135 1.63587970870 0.685397435661 -0.0729281422773 -0.652736898835 0.200601775310 0.389920541999 1.07089092645 1.38176290851 1.47238062092 -0.0579495136179 -0.372388490976 -0.378671736432 -0.0812106356229 0.119474660919 -0.498053581573 -0.553496221418 -0.934921892726 -0.305276242267 0.730471233224 0.539190674363 -0.165180572520 -0.974358218234 -1.15573504639 0.550580897038 -0.381549605685 -0.771471797479 -0.376499073192 0.134495436588 0.525800683083 1.48370473005 -0.303103325301 -0.270976219160 -0.211502360398 -0.114974953337 -0.00281750697399 -1.66818279775e-05
# rec_devm:
 -0.0843274550495 0.180298421620 0.380942148725 1.42804701700 -0.171889687618 1.77736065627 -0.619831099358 0.0396304803744 1.05788368537 2.93741839864 0.127729702826 1.61948804775 -0.311646476256 -0.923062472053 -0.696920134496 0.915694436121 0.262338715206 -0.807218776075 -0.914732594843 0.174728174233 0.677182387994 0.488815721321 0.311324762058 -0.786972081989 -1.81955891928 -1.77683894447 -0.315333419175 -1.11112572362 -1.34103719792 -0.414935143266 -0.248059806543 -0.419543586490 0.988449655443 -0.380608195221 -0.174780848015 -0.0399136397720 -0.00758842171516 -0.00140397430679 -3.81342230650e-06
# alpha1_rec:
11.5000000000
# beta_rec:
4.00000000000
# mnatlen_styr:
 11.7449920007 11.7985404605 12.0078378594 12.3358203413 12.6072689542 12.5766455524 12.4452258534 12.2936924744 12.1749045381 11.9758128295 11.6532024893 11.5003137340 11.4039117145 10.6106554612 9.33359726873 8.26624890374 7.46468754790 6.88130126067 6.44899595123 6.12435266022 5.89844173416 5.78247228582
 1.80986199470 3.19292824048 4.57599313924 5.95902030191 7.34147616931 8.71526343136 9.95467403824 10.9524715871 11.6609712118 12.1026477214 12.3333899513 12.4168944275 12.4067349350 12.3012196049 12.0400556422 11.5699134883 10.8365316904 9.91114771759 8.86753782575 7.76071849770 6.62821212508 5.48963348072
# fnatlen_styr:
 10.9624417347 11.0896487165 11.4241433549 11.9749958084 13.1851304043 14.0375798916 13.3932294488 12.4459833202 11.4397940939 10.4856360916 9.91100075958 9.65449671518
 10.8828564206 10.9636671056 11.2208365562 11.8445490889 12.9923584473 13.6610462145 13.2348534515 12.3606010160 11.5276118475 10.5908905353 9.99067166658 9.71637403043
# log_avg_fmort:
-0.362991024708
# fmort_dev:
 -0.649786615334 -1.25424248208 -0.639299181222 -0.158729822371 0.205433386644 0.943663391304 1.19868446785 0.938862038166 1.64423440298 1.79454561475 1.11940799035 0.358189944336 0.0344421551021 -0.259654366693 -0.245700495670 -0.0981241071954 -0.0148430200011 -1.40559092440 -0.963501420000 0.233944748526 -0.257105351497 -0.963530787810 -0.889861615097 -0.0878316387546 -0.0921271665509 0.121902170905 -0.221877958581 -0.589134064762 -0.472697362699 0.407779378585 0.715951539426 0.633545401631 0.788865950540 0.208507636204 0.496444843189 -4.77862820181 0.768062331933 1.42979919011
# log_avg_fmortdf:
-7.16972852010
# fmortdf_dev:
 -0.104641976057 -0.0928187378333 -0.0821370280882 -0.0858139342366 -0.0693250209004 -0.000726811249082 -0.0181480215290 0.0487504428245 0.0901541696404 0.162299784127 0.934521753916 0.351392918453 0.0191002275282 -0.422134563370 0.0121434580294 -0.374485785052 -0.230812434283 -0.173618381751 -0.134390587803 -0.113869590717 -0.0944179097327 -0.0951789967171 -0.0938460334443 -0.0970153830753 -0.109350308214 -0.0873203988132 -0.0908978387630 -0.0909999281542 -0.110050338845 1.87188443990 -0.0566513505612 0.224090307927 1.34099215246 0.153647469188 -0.444068513017 -0.582594606924 -0.648300320329 -0.705362324538
# log_avg_fmortt:
-5.05138975780
# fmortt_dev_era1:
 0.239009489584 0.229975361428 0.128720321405 0.0488727174655 -0.391376142642 -0.347199677426 -0.391502485509 -0.426374463780 0.0839006957919 0.825974183681
# fmortt_dev_era2:
 1.31125152392 0.956495888611 1.68384227168 0.415832910634 -0.216185224672 -0.331342265694 -0.371201043427 -0.0550444255321 0.154323144005 0.0271126370921 -0.198375826932 0.243845790483 0.646248838728 -0.149345579671 0.187585320215 -0.290547095190 -0.341124079636 0.105920871539 -0.422019769300 -0.335733352928 -0.126069557776 -0.252215764494 -0.262401951183 -0.262333202720 -0.437398810206 -0.545408748313 -0.542888604849 -0.592823894390
# discard_mult:
1.00000000000
# Fem_F_prop_constant:
0.500000050000
# log_avg_sel50_mn:
4.66277593575
# log_sel50_dev_mn:
 0.00000000000 0.00000000000 0.00000000000 0.00000000000 0.00000000000 0.00000000000 0.00000000000 0.00000000000 0.00000000000 0.00000000000 0.00000000000 0.00000000000 0.00000000000 0.00000000000 0.00000000000 0.00000000000 0.00000000000 0.00000000000 0.00000000000 0.00000000000 0.00000000000 0.00000000000 0.00000000000 0.00000000000 0.00000000000 0.00000000000 0.00000000000 0.00000000000 0.00000000000 0.00000000000 0.00000000000 0.00000000000 0.00000000000 0.00000000000 0.00000000000 0.00000000000 0.00000000000 0.00000000000 0.00000000000
# log_avg_sel50_mo:
4.50000000000
# log_sel50_dev_mo:
 0.00000000000 0.00000000000 0.00000000000 0.00000000000 0.00000000000 0.00000000000 0.00000000000 0.00000000000 0.00000000000 0.00000000000 0.00000000000 0.00000000000 0.00000000000 0.00000000000 0.00000000000 0.00000000000 0.00000000000 0.00000000000 0.00000000000 0.00000000000 0.00000000000 0.00000000000 0.00000000000 0.00000000000 0.00000000000 0.00000000000 0.00000000000 0.00000000000 0.00000000000 0.00000000000 0.00000000000 0.00000000000 0.00000000000 0.00000000000 0.00000000000 0.00000000000 0.00000000000 0.00000000000 0.00000000000
# fish_slope_mn:
0.221625382020
# fish_slope_mo:
0.450000000000
# fish_fit_slope_mn:
0.430813994935
# fish_fit_sel50_mn:
96.1958363233
# fish_fit_slope_mo:
0.275000000000
# fish_fit_sel50_mo:
100.000000000
# fish_slope_mo2:
1.95000000000
# fish_sel50_mo2:
159.500000000
# fish_slope_mn2:
1.00500000000
# fish_sel50_mn2:
130.000000000
# fish_disc_slope_f:
0.271685228854
# fish_disc_sel50_f:
4.21904052395
# log_dev_50f:
 0.00000000000 0.00000000000 0.00000000000 0.00000000000 0.00000000000 0.00000000000 0.00000000000 0.00000000000 0.00000000000 0.00000000000 0.00000000000 0.00000000000 0.00000000000 0.00000000000 0.00000000000 0.00000000000 0.00000000000 0.00000000000 0.00000000000 0.00000000000 0.00000000000 0.00000000000 0.00000000000 0.00000000000 0.00000000000
# fish_disc_slope_tf:
0.0892461220506
# fish_disc_sel50_tf:
114.897303133
# srv1_q:
0.625613107797
# srv1_q_f:
0.577333297245
# srv1_sel95:
63.7931648411
# srv1_sel50:
36.5119281951
# srv2_q:
0.352977053117
# srv2_q_f:
0.483710744535
# srv2_sel95:
61.9412760202
# srv2_sel50:
43.3371025311
# srv3_q:
 0.511730495206 0.464612170128 0.473696720910 0.442576983683 0.292320505508 0.235271160464 0.200000311222 0.200000187924 0.227247787018 0.302324700136 0.277724837494 0.217559430988 0.357414840337 0.533222876627 0.429367715463 0.364091052364 0.418162301875 0.531690392613 0.486857450916 0.469039214540 0.471879968929 0.550363149590 0.708775017833 0.853066370888 0.792667837972 0.661621726307 0.607755802225 0.386318186187 0.263998436554 0.211612543330 0.200004861694 0.200002782790 0.200108441918
# srv3_sel95:
73.2799400230
# srv3_sel50:
45.8220610702
# srv3_q_f:
 0.590476314925 0.999999939870 0.968916621614 0.999999850269 0.699935861636 0.445402983324 0.308514506431 0.283416556439 0.200000078278 0.260537688389 0.297204808946 0.200000115917 0.678220532450 0.607002526156 0.431543227773 0.665366264261 0.868494865357 0.648205360094 0.427815595395 0.490877704761 0.589257831136 0.848581163079 0.699054289101 0.999999602626 0.912755102294 0.741477587105 0.491766103635 0.262286855396 0.623571235172 0.622947642484 0.608658226793 0.576850670537 0.598818568822
# srv3_sel95_f:
52.3392210908
# srv3_sel50_f:
39.9997831336
# srvind_q:
0.999995791080
# srvind_q_f:
0.148678253117
# srvind_sel95_f:
54.6500218378
# srvind_sel50_f:
49.9538845613
# srv10ind_q:
0.844227674587
# srv10ind_q_f:
0.999999482339
# srv10ind_sel95_f:
26.4042645794
# srv10ind_sel50_f:
24.1180932646
# selsmo10ind:
 19.9410840248 19.9445743078 19.9479368254 19.9512394683 19.9546901442 19.9580625297 19.9616931583 19.9654897745 19.9692300589 19.9729915194 19.9768406038 19.9808381991 19.9843844675 19.9874973634 19.9903528867 19.9930688180 19.9954883252 19.9977670776 19.9991324004 19.9995540306 19.9992460299 19.9991908351
# selsmo09ind:
 -9.16284657661 -8.09238496577 -7.02248461950 -5.95773228835 -4.91294533183 -3.92485506382 -3.05366364543 -2.38400226051 -1.96306783409 -1.71297255335 -1.55238775087 -1.37608026560 -1.14170538897 -0.933188278350 -0.882173237650 -0.984508164940 -1.12168800542 -1.18405375366 -1.12685672833 -0.974410941687 -0.781648166279 -0.576519069354
# Mmult_imat:
1.07140812625
# Mmult:
1.05461929887
# Mmultf:
1.14235273724
# m_dev_m:
 0.967041921985 0.615479055843 0.200620189125 -0.301604486503 -0.695220157871 -0.848569964496 -0.756397312053 -0.461583688380 -0.0470094352313 0.378742270611 0.695440776224 0.861511189758 1.26216588161 1.70797355708 1.96314974419 1.43217072436 1.36708445634 1.43836425323 1.58573922262 1.65872665598 1.54901495479 1.34467006538 1.16944430643 1.07824611136 1.04684013065 1.08389784562 1.09230846470 0.863101211940 0.366811215985 -0.266012679934 -0.958541357989 -1.63324171124 -2.21360603389 -2.64383765963 -2.90108790869 -3.00045316054 -3.00046115974 -3.00046174506 -3.00045574454
# m_dev_f:
 0.916755377194 1.36187203406 1.64372822486 1.56202134365 1.26155565549 0.899823916855 0.589128316441 0.378008700185 0.234748171416 0.141236193187 0.0836034227506 0.0599809499404 0.0801085592087 0.167854503903 0.332404529128 0.547364239724 0.748288880744 0.900193319178 1.01987977042 1.12216287167 1.23112433054 1.33971274040 1.42949538593 1.45736592469 1.38703170759 1.20054049803 0.909377390819 0.499322158530 -0.00192813034677 -0.576713651972 -1.19698228184 -1.79947301960 -2.31575227734 -2.69493474881 -2.91723384806 -3.00041644959 -3.00041823894 -3.00041819403 -3.00041827600
# cpueq:
0.000838160503230
# proprecn:
1.00000000000
