# Number of parameters = 427 Objective function value = 537.129198294771  Maximum gradient component = 0.00554559407737762
# af:
-1.15390000000
# am:
2.04920000000
# bf:
1.33890000000
# bm:
1.22580000000
# bf1:
1.15108525751
# deltaf:
120.000000000
# st_gr:
0.500000000000
# growth_beta:
 0.750000000000 0.750000000000
# matest50f:
45.0000000000
# matestslpf:
0.275000000000
# matest50m:
85.0000000000
# matestslpm:
0.260000000000
# mateste:
 -4.87830372942 -4.38971091519 -3.90111829308 -3.41313830670 -2.93297568509 -2.48771344034 -2.10901293671 -1.81627540255 -1.63353013449 -1.51475252462 -1.43168054192 -1.40356213870 -1.34451806836 -1.11204942118 -0.675198386142 -0.187931995566 -1.55598556262e-09
# matestfe:
 -4.32210214848 -3.35433032777 -2.38655266440 -1.42523204515 -0.552276785151 -0.115598169115 -0.0985347010888 -0.0376115617223
# moltp_af:
2.00000000000
# moltp_bf:
150.000000000
# moltp_am:
1.52000000000
# moltp_bm:
215.000000000
# moltp_ammat:
0.0500000000000
# moltp_bmmat:
105.000000000
# mean_log_rec_f:
13.7850566710
# mean_log_rec_m:
13.4773050212
# rec_devf:
 -1.60245578927 -0.855127406503 0.133432784432 1.83164385392 0.823201168415 0.196980992204 -0.440419909005 0.326966793889 0.368505939658 0.927493026942 1.09817289529 0.984542011483 -0.460570166773 -0.775683176803 -0.800643574769 -0.583572070436 -0.292419019903 -0.783610634732 -0.951008939884 -1.06276331671 -0.251880768510 0.760649592251 0.315274673044 0.0377323787171 -0.697485549009 -0.715592350274 1.21286661354 0.210163942726 -0.330940441409 -0.0667566727364 0.228827375231 0.249587611495 1.23744777892 -0.0983349917189 -0.0838023237745 -0.0603459709948 -0.0285772051356 -0.00149915559445 1.78522678122e-09
# rec_devm:
 0.956845186831 0.818920054286 1.04828488570 1.63594493846 1.35039426341 1.73448664926 -1.52168468744 -1.07545321321 -0.361967624172 2.52069807916 -0.185092307524 -0.106348325956 -1.00773848167 -1.49995484253 -1.17174106373 0.672677742890 0.139640295991 -0.872748991118 -0.852589926081 -0.00672339292852 1.02796131575 0.728864735999 0.452224655866 -0.575186692942 -1.60558313092 -1.41557741950 0.319008864263 -0.622011868265 -0.854900160122 0.177192353981 -0.242996573803 -0.432879268406 1.06108638204 -0.147998447461 -0.0647472284183 -0.0159881116456 -0.00352211759499 -0.000796546759426 1.83046967897e-08
# alpha1_rec:
11.5000000000
# beta_rec:
4.00000000000
# mnatlen_styr:
 11.4021564387 11.4869222479 11.6900566383 11.9727026533 12.1760565032 12.1101923229 11.9416463567 11.7378114159 11.6642703801 11.5168122035 11.1676969280 11.0609690923 11.1502570556 10.4560667762 9.17189080647 8.09639633594 7.28820770021 6.70269830039 6.27531144838 5.96384987209 5.75333302002 5.64670571217
 2.10694744829 3.43312109342 4.75928964351 6.08538761676 7.41058642999 8.72429957495 9.88281172555 10.7735981311 11.3637445830 11.6998968698 11.8518878669 11.8862389000 11.8588553892 11.7731336244 11.5781793517 11.2321275302 10.6290685446 9.79192686167 8.79375392287 7.70795654698 6.58644933407 5.45642927190
# fnatlen_styr:
 9.52177101545 9.61463347638 9.93429682341 10.5729525601 11.9060971858 13.0175476445 12.4220890386 11.4851410064 10.4632743495 9.47213320192 8.87196748881 8.60230232096
 9.83282068334 9.92853130664 10.2329528635 10.9776340759 12.3300733881 12.9441537814 12.4389632867 11.4901303912 10.5923479799 9.59567818000 8.96120929633 8.67110733984
# log_avg_fmort:
-0.502070560035
# fmort_dev:
 -0.565012742586 -1.10184293676 -0.382037150870 0.199427723908 0.687466001131 1.34019275125 1.27827389354 1.02277129914 1.85397970488 1.89519315955 1.23283969691 0.617844606217 0.248130840707 0.0209550333680 -0.314973332016 0.0426345086879 0.0612301084943 -1.34092482660 -1.34693981413 -0.817680511235 -0.967090786225 -1.33275756302 -1.30186160991 -0.717873083209 -0.642061554135 -0.304959022558 -0.665984456970 -0.995357054945 -0.788747794278 0.115371548589 0.448332593982 0.556044112936 0.921121882597 0.562754119174 -0.118445495153 -0.511088181676 0.141366996281 0.969707334927
# log_avg_fmortdf:
-6.33302059364
# fmortdf_dev:
 -0.0363535368685 -0.0666823116627 -0.0274246906982 -0.0169664583047 0.0299551508216 -0.0382012580403 -0.190233753955 -0.149375068224 -0.0602680945417 0.0707982931596 0.714712428811 0.287314976085 0.00843093434290 -0.377891717471 0.0624692874745 -0.349034797006 -0.245911494877 -0.211594648130 -0.170358651827 -0.141185191160 -0.0955514453696 -0.0897482367037 -0.0849261957361 -0.125613188719 -0.193129254083 -0.164085451938 -0.160831371723 -0.132424412633 -0.196631287364 1.26928954144 -0.117371047078 0.234001975682 1.32938377412 0.290200322758 -0.198896814235 -0.241636861531 -0.218809153642 -0.195420291176
# log_avg_fmortt:
-5.31741348563
# fmortt_dev_era1:
 0.178811535497 0.174758008117 0.139622608927 0.106217677948 -0.333889390712 -0.340541146041 -0.426141302776 -0.441946027793 0.100538298025 0.842569738806
# fmortt_dev_era2:
 1.35244428061 1.09584919175 1.89080270827 0.631294216252 -0.263418991440 -0.298753110081 -0.360976567450 -0.0853405803461 -0.0160911515282 -0.107102663665 -0.332673841559 0.0771140697587 0.383508929309 -0.265037006204 0.0546553436099 -0.429570399329 -0.527703060126 -0.139272746858 -0.550810922200 -0.400847360118 -0.123043362780 -0.218901713959 -0.186288872058 -0.154848238447 -0.269718005303 -0.347380784530 -0.172839125890 -0.235050235690
# discard_mult:
1.00000000000
# Fem_F_prop_constant:
0.500000050000
# log_avg_sel50_mn:
4.66684478069
# log_sel50_dev_mn:
 0.00000000000 0.00000000000 0.00000000000 0.00000000000 0.00000000000 0.00000000000 0.00000000000 0.00000000000 0.00000000000 0.00000000000 0.00000000000 0.00000000000 0.00000000000 0.00000000000 0.00000000000 0.00000000000 0.00000000000 0.00000000000 0.00000000000 0.00000000000 0.00000000000 0.00000000000 0.00000000000 0.00000000000 0.00000000000 0.00000000000 0.00000000000 0.00000000000 0.00000000000 0.00000000000 0.00000000000 0.00000000000 0.00000000000 0.00000000000 0.00000000000 0.00000000000 0.00000000000 0.00000000000 0.00000000000
# log_avg_sel50_mo:
4.50000000000
# log_sel50_dev_mo:
 0.00000000000 0.00000000000 0.00000000000 0.00000000000 0.00000000000 0.00000000000 0.00000000000 0.00000000000 0.00000000000 0.00000000000 0.00000000000 0.00000000000 0.00000000000 0.00000000000 0.00000000000 0.00000000000 0.00000000000 0.00000000000 0.00000000000 0.00000000000 0.00000000000 0.00000000000 0.00000000000 0.00000000000 0.00000000000 0.00000000000 0.00000000000 0.00000000000 0.00000000000 0.00000000000 0.00000000000 0.00000000000 0.00000000000 0.00000000000 0.00000000000 0.00000000000 0.00000000000 0.00000000000 0.00000000000
# fish_slope_mn:
0.177378977680
# fish_slope_mo:
0.450000000000
# fish_fit_slope_mn:
0.468984649137
# fish_fit_sel50_mn:
96.2799556920
# fish_fit_slope_mo:
0.275000000000
# fish_fit_sel50_mo:
100.000000000
# fish_slope_mo2:
1.95000000000
# fish_sel50_mo2:
159.500000000
# fish_slope_mn2:
1.00500000000
# fish_sel50_mn2:
130.000000000
# fish_disc_slope_f:
0.254907683419
# fish_disc_sel50_f:
4.22751033546
# log_dev_50f:
 0.00000000000 0.00000000000 0.00000000000 0.00000000000 0.00000000000 0.00000000000 0.00000000000 0.00000000000 0.00000000000 0.00000000000 0.00000000000 0.00000000000 0.00000000000 0.00000000000 0.00000000000 0.00000000000 0.00000000000 0.00000000000 0.00000000000 0.00000000000 0.00000000000 0.00000000000 0.00000000000 0.00000000000 0.00000000000
# fish_disc_slope_tf:
0.0794429029829
# fish_disc_sel50_tf:
109.013207524
# srv1_q:
0.625613107797
# srv1_q_f:
0.577333297245
# srv1_sel95:
63.7931648411
# srv1_sel50:
36.5119281951
# srv2_q:
0.444543388466
# srv2_q_f:
0.633537173063
# srv2_sel95:
60.5849602750
# srv2_sel50:
41.7468247342
# srv3_q:
 0.769818168795 0.757991096086 0.825935078236 0.810790138658 0.585205347010 0.510329579159 0.527044418083 0.558083616118 0.528951326728 0.480992420383 0.384400571725 0.277423672147 0.335944857987 0.525228174402 0.441359624231 0.338036395864 0.353651532664 0.513975054729 0.530359825501 0.527782050978 0.475476724944 0.454663079152 0.583640852676 0.731837241197 0.745214202189 0.746318102923 0.869650239688 0.718515568009 0.588942485647 0.476618370161 0.377230629127 0.286466754299 0.200014495339
# srv3_sel95:
55.2985826646
# srv3_sel50:
37.3365400833
# srv3_q_f:
 0.805825978688 0.999999664975 0.999999869874 0.999999746816 0.888553923308 0.721148789942 0.613082297143 0.590036741467 0.475893433070 0.528223245913 0.500810111282 0.372168123570 0.581148660954 0.606202464510 0.492776799776 0.572552181775 0.686049535453 0.664959103244 0.501052732310 0.437658090678 0.436204167085 0.542815108148 0.612505989792 0.845673461561 0.972558621329 0.981987410402 0.860260797334 0.661054752811 0.510484303957 0.398821758545 0.316339481060 0.253310045303 0.200006426047
# srv3_sel95_f:
49.2700256083
# srv3_sel50_f:
37.4884316098
# srvind_q:
0.999996469406
# srvind_q_f:
0.121348894192
# srvind_sel95_f:
53.9339627373
# srvind_sel50_f:
49.4920952626
# srv10ind_q:
0.999999900919
# srv10ind_q_f:
0.901321282886
# srv10ind_sel95_f:
26.4042645794
# srv10ind_sel50_f:
24.1180932646
# selsmo10ind:
 7.66545157152 7.06606366126 6.46674467527 5.86748151756 5.26784784301 4.66740814682 4.06901344913 3.48080644499 2.91365800422 2.38205648840 1.89816835354 1.47223645921 1.11168929550 0.813839131778 0.571005215181 0.373269646147 0.211351708259 0.0743192651507 -0.0500989120423 -0.170726875350 -0.290969090320 -0.411430258248
# selsmo09ind:
 -9.08146038085 -8.00795429602 -6.93490908309 -5.86627081756 -4.81534602968 -3.81607514100 -2.92453443129 -2.22021419303 -1.74951554322 -1.44546482494 -1.24623450015 -1.06783352399 -0.885909113768 -0.788583122675 -0.885681833629 -1.13047298107 -1.36491720487 -1.48246039394 -1.45760666777 -1.32727561978 -1.15271445521 -0.964358905499
# Mmult_imat:
1.13654390596
# Mmult:
1.10603766035
# Mmultf:
1.36378610096
# cpueq:
0.000870876333823
# proprecn:
1.00000000000
